DateTime,Fsed_oxy,Fsed_oxy.1,Ksed_oxy,theta_sed_oxy,Rdom_minerl,Rpom_hydrol,Rdomr_minerl,Rcpom_bdown,RMSE
2021-03-05 14:56:22,-18.4890327973284,-7.52225143791822,3.62951610920419,0.991391876482674,0.0697972026811112,0.0827693677643678,0.0911611695500095,0.0405787997656285,56.6412033442632
2021-03-05 14:56:07,-18.4890327973284,-7.52225143791822,3.62951610920419,0.991391876482674,0.0697972026811112,0.0827693677643678,0.0911611695500095,0.0405787997656285,56.6412033442632
2021-03-05 14:55:51,-18.6474217935693,-6.18994790692088,3.31017238422444,0.976361188994106,0.0744739576516796,0.0852560509011928,0.090553779761985,0.0437524243333712,58.4879123563615
2021-03-05 14:55:36,-16.4761554951945,-6.38307417056881,4.46742559455173,0.979491530345855,0.076191619697156,0.0803617444210362,0.0923438118052494,0.0359036475107515,59.4062010550191
2021-03-05 14:55:21,-19.3490502626933,-7.84217855147928,3.94620638736257,0.987499203595232,0.0773444598880172,0.0914475785237889,0.0946051933531714,0.0358522898781386,58.0789712788718
2021-03-05 14:55:06,-16.7877242554487,-7.22329136781532,3.95091321970171,0.97431631568545,0.0726515127854604,0.079562362762088,0.0895012826285804,0.0415270954196663,59.8392652819769
2021-03-05 14:54:50,-18.6717752702497,-6.49960449528803,4.0481146719169,0.974195334016876,0.0744901725984195,0.0870926922857657,0.0894681887646141,0.0398296880025254,58.1372560489379
2021-03-05 14:54:35,-17.6480581003374,-5.90316330780425,4.04258388958703,0.97488380255096,0.0709675206825366,0.0817199281902265,0.0917216713252152,0.045683906372674,59.463561422257
2021-03-05 14:54:20,-18.4890327973284,-7.52225143791822,3.62951610920419,0.991391876482674,0.0697972026811112,0.0827693677643678,0.0911611695500095,0.0405787997656285,56.6412033442632
2021-03-05 14:54:04,-19.9254271506088,-8.07271366575341,3.93500162318619,0.984139632922564,0.0720090604424232,0.0831057159483826,0.0886615439849376,0.0464346106707763,57.2305307119638
2021-03-05 14:53:49,-17.5441455353046,-7.16506852358848,3.4907723118665,0.986740203700271,0.0715967862720002,0.0819973080914637,0.0929069238631208,0.03530619928639,57.4784451956325
2021-03-05 14:53:33,-18.1318558739102,-7.35220895944406,3.24054924765792,0.974765190262709,0.0761120746695974,0.0838892373771407,0.091911953000874,0.040067801417439,59.0537857625628
2021-03-05 14:53:18,-16.3409670059321,-5.78111731180069,3.21850855301001,0.980335544455979,0.0729203861572321,0.0821994575028004,0.0902288841341253,0.043372388732602,58.0452257769828
2021-03-05 14:53:03,-17.5458960857404,-7.46075273542994,3.62198877186198,0.966290775488343,0.0748568835651202,0.0817293263366887,0.088997323247308,0.0412278962387352,57.2024370511127
2021-03-05 14:52:48,-17.7751473080267,-5.16017414797298,3.54041490871864,0.977891535608434,0.0723340887301438,0.0847688443741456,0.0893086190708976,0.0434307092060488,57.1972887742609
2021-03-05 14:52:33,-18.93981061567,-8.23274233217565,4.50898215794418,0.992388480872997,0.0746668668389962,0.0884021614075438,0.0922395677626529,0.0448772218530499,58.5102747673397
2021-03-05 14:52:17,-18.8757516335443,-6.8639882125246,4.1596657648808,0.985408820105296,0.0735847385024492,0.0850658187350487,0.0914774995349958,0.0371459296416925,57.1180577646437
2021-03-05 14:52:01,-19.5445392896349,-8.924927112297,3.70162908509731,0.99015999930526,0.0770008530477011,0.0858006456638958,0.0937045517493315,0.0342739156061407,59.0588743914876
2021-03-05 14:51:46,-21.8249395938044,-8.49676829194348,4.21415648767976,0.998703901853613,0.0735546106188038,0.0887203993283007,0.0925938317858208,0.0361848710338768,59.809531647105
2021-03-05 14:51:31,-17.741133751783,-9.11079425036658,3.63839974864189,0.97404786088702,0.0754618747094497,0.090902746346586,0.0951903886283661,0.0404648856824413,60.0444678167842
2021-03-05 14:51:15,-18.6491104324368,-7.51395899297652,3.59406891328001,0.993300583955134,0.0701769229114545,0.0839182547063492,0.0932065423769717,0.0391321320177088,57.9061425561026
2021-03-05 14:51:00,-18.5959218050153,-8.07593774804541,3.47487476772195,0.975037402700542,0.0734970783309751,0.0855023472216281,0.0895550094291472,0.0422112521442079,59.452818121812
2021-03-05 14:50:45,-18.7680368699361,-7.67986270397053,3.86578316969128,0.966505221995326,0.0723540438217281,0.0843970741742764,0.0902659640281857,0.0417745885063444,60.1770690837958
2021-03-05 14:50:29,-19.3075457916021,-7.4104539190294,4.44550571868819,0.982448488472216,0.0763074157790652,0.0898968289619705,0.0907815120763749,0.0357576776561688,58.3288222406548
2021-03-05 14:50:14,-19.3887539092217,-6.88469326208418,4.00035069038965,0.984356157148539,0.0755829762145878,0.0855849533220624,0.0924382483932677,0.0413268321371703,57.3251027366129
2021-03-05 14:49:59,-19.129588493785,-9.68883959824907,3.57465315715186,0.99189871760137,0.0748185340748057,0.0881453150318248,0.0918708374340793,0.0378469912989968,57.505873120781
2021-03-05 14:49:43,-18.5004102121821,-8.23631556450173,3.99180227515841,0.994542052829182,0.0766130447485697,0.0888251944855401,0.0958852307115751,0.0378480028470987,57.1834323017512
2021-03-05 14:49:28,-18.459667221665,-6.55698347209971,4.08824254267452,0.980901505949097,0.0688832245951738,0.0816362963232983,0.0899287916425515,0.0390874848475393,57.1689044368012
2021-03-05 14:49:13,-19.1751477705884,-8.54955356824313,3.22529385752743,0.983763316063672,0.0801915189192591,0.0915700007302102,0.0933042332045775,0.0375031900898623,58.2274947473169
2021-03-05 14:48:59,-18.8196598210455,-8.72499100902394,4.15257169930391,0.982049842271127,0.0766306960813422,0.0856201940938393,0.0913831868437359,0.0379764988401761,57.3742098075065
2021-03-05 14:48:44,-18.1778171403982,-6.90791094675792,3.53385751328752,0.976656928644925,0.0756819948435378,0.088534343480807,0.0935006840458886,0.0385239910787974,57.7608440349521
2021-03-05 14:48:29,-18.9690192675505,-7.66696828813558,3.95945261812311,0.985350295471182,0.0729556067948914,0.0855519227646129,0.0913372849815489,0.0418867165917533,56.3071292432387
2021-03-05 14:48:14,-18.3039106542869,-8.4322632017858,3.06476775847465,0.982484307534165,0.0756766815417071,0.0849125675344702,0.0904757189308836,0.044509482890714,57.2730446250764
2021-03-05 14:47:59,-20.47622534266,-8.90738045012786,2.83423314424611,0.993136721313514,0.0788799030348917,0.089066755860294,0.0921793792185869,0.0406724082157804,57.8900616771093
2021-03-05 14:47:44,-22.0115920211991,-10.1021858511498,4.11368059476291,1.00805680568852,0.0766296467392833,0.0902995846511282,0.0922191257427628,0.0378565729786455,58.0485934345125
2021-03-05 14:47:29,-20.0511017467,-5.88266633546463,3.69967788300128,0.984950336462702,0.0766214931172371,0.0909649778305424,0.0901377359233489,0.043281861513104,57.8951079919212
2021-03-05 14:47:14,-19.5304754128467,-8.33664745410766,4.19292994518898,0.992699280378701,0.0758057327390362,0.0874712280136568,0.0878833345490559,0.0368556827757361,58.7481269682106
2021-03-05 14:46:59,-19.3419223970303,-7.66297118310153,3.49984506228255,0.992036266553099,0.0767078771600891,0.08960004439765,0.089228864434393,0.0368914268048125,58.0182864456004
2021-03-05 14:46:45,-19.2758690835954,-7.40883187038327,4.21693851060243,0.983697362703296,0.0773625680278104,0.0886883644084132,0.0919037353207559,0.0352546608891381,56.465960475836
2021-03-05 14:46:30,-19.1976639106836,-9.85868517037736,3.71015697025211,0.995476398902508,0.0711462999945272,0.0890155407663293,0.0929199139646466,0.0351318040074067,57.6784263063453
2021-03-05 14:46:15,-17.8352265558262,-8.54014184276267,4.50713701877396,0.989400102537976,0.0766574548660127,0.0878447288725731,0.0927596684441591,0.0379431441025657,57.4063543739476
2021-03-05 14:46:00,-19.601922599545,-7.28772355696871,3.18651614312573,0.992241062366137,0.0773855447260842,0.090046493347492,0.0919556484206581,0.0421216801385035,58.0020835407265
2021-03-05 14:45:45,-19.4354745381022,-5.56687652818286,3.85578367980824,0.97201709360723,0.0811696029990323,0.0916526194258096,0.0874894709155773,0.0410523431055837,57.5357286078053
2021-03-05 14:45:30,-20.7973798319374,-7.9897755095003,3.24914569962287,0.991586826128548,0.0768389119321996,0.0882933435477836,0.091738805512894,0.042647288014602,57.2143584840632
2021-03-05 14:45:15,-20.8685828058027,-6.1850388491767,3.25541331532956,1.00252466361391,0.0832772378078358,0.0956887518113381,0.0945409681729648,0.0419351476472268,57.8673296181921
2021-03-05 14:45:00,-19.5318584404387,-8.95655014841308,3.78256878432543,0.984137929876398,0.0749268264089608,0.0901367185921705,0.0913124579235033,0.0396045324713043,59.0344317024417
2021-03-05 14:44:45,-20.0500465860153,-7.95808463644861,3.1377424220889,1.00610203839763,0.0801425303808299,0.0954158404698056,0.0917638098273457,0.0396686397894339,58.8755150096268
2021-03-05 14:44:30,-18.351240490084,-7.82160118330063,4.46578622953402,0.992045334913921,0.0762145394717692,0.0882968519107627,0.0865364913285341,0.0425947579554743,56.8217712029612
2021-03-05 14:44:15,-19.4313239840421,-7.86197622974101,4.21835876067097,0.996185832315839,0.0749011598375368,0.089608939675476,0.0891161571833618,0.0415880325504232,58.8384262513368
2021-03-05 14:44:00,-20.5832456131581,-8.67468894389608,3.80538303121817,0.996126459555705,0.0772920578842267,0.0898760637729915,0.0933388492842757,0.0366751010791739,56.2104151201208
2021-03-05 14:43:45,-19.7808080265698,-8.28623234933331,4.58567776697026,0.983923999894568,0.0760183607866492,0.0883491360727098,0.0925572019704157,0.0476059833407275,57.7755034830324
2021-03-05 14:43:30,-19.3223482418295,-6.50920895973842,4.19301107954889,0.984291786042878,0.0785000131147008,0.0912953827965716,0.0906458743450346,0.0371868965638422,58.5711284389137
2021-03-05 14:43:16,-17.7883242420142,-6.34625096028486,2.53144907739893,0.996141204418667,0.0801036584071865,0.0958288037454621,0.0927441826757531,0.0432969588095097,59.7199611786559
2021-03-05 14:43:01,-18.1601473376601,-7.16284517337363,3.19759241871502,0.982520218144635,0.0801979479175391,0.0894454406372942,0.0941697391023303,0.0442698987949806,57.360599942201
2021-03-05 14:42:45,-18.9597214811961,-6.68579612870504,4.26546843261085,0.977891509754467,0.0788667865523352,0.0913748822722099,0.0900497524554522,0.042974095569121,56.5958464459208
2021-03-05 14:42:31,-17.8239346152445,-6.39629565663822,3.44870915945491,0.989370006673188,0.0800464640120416,0.0926897573250707,0.0868089824470871,0.0438804519310944,57.2654721668818
2021-03-05 14:42:15,-19.3274659442257,-8.37734412190958,3.53761275207388,1.00689078121488,0.0795694791968332,0.0924826154437693,0.0912335357433683,0.0399637638339034,59.8186480546297
2021-03-05 14:42:00,-20.7148741505345,-9.30890275449126,3.27437126667276,0.999175394610366,0.0817526965288749,0.0903210544845262,0.0916386789439309,0.0369152150443474,56.7839386735873
2021-03-05 14:41:46,-18.7216120667755,-7.71117352405244,3.40173422283043,0.993057649472536,0.0765238259035355,0.090098962769046,0.0909219289228357,0.0465522243578536,56.9621023018046
2021-03-05 14:41:31,-19.3949070120352,-8.24615138124323,2.86500644688508,0.991147318224366,0.081278107582485,0.0918737105712244,0.0909555345673772,0.0451912033893931,57.6589954234133
2021-03-05 14:41:16,-19.6919832525289,-9.40343918109027,3.59089671714088,0.989075047577734,0.0735550723842407,0.0871519511823061,0.0961797415776833,0.046266024958877,58.47019603093
2021-03-05 14:41:01,-21.3294535709458,-8.61125589861943,3.55337617290527,0.98104368386354,0.0772344130837881,0.0911389033658611,0.0978151392892498,0.0419477708400929,57.7723477486507
2021-03-05 14:40:46,-17.9462412121164,-7.30537042185784,3.29081620407335,0.984800333674219,0.0776647004130121,0.0909894538908947,0.0869629812846096,0.0439356881695753,57.0473813276016
2021-03-05 14:40:30,-19.5907790122156,-8.300841879928,3.45925651265586,0.993401808875468,0.0765704489985912,0.0895317163471405,0.0932202857965702,0.0445247941371233,57.3655102502069
2021-03-05 14:40:16,-20.3062857505188,-8.30953753611091,3.0042408979193,0.996583779157723,0.0802820913090357,0.095716526602849,0.0958600340706528,0.0392628672562057,56.8322398249399
2021-03-05 14:40:01,-20.0143719208167,-8.31346413746601,3.1423410805923,0.99545777598877,0.0790125813867143,0.0932492190911572,0.0931276540045717,0.0388473372050599,57.778139887486
2021-03-05 14:39:46,-20.6996829662389,-9.20876593436289,3.30484781645442,1.01090684424751,0.0716159692337111,0.0934474878108597,0.0914961820386879,0.0403467773922851,59.2894725031755
2021-03-05 14:39:31,-22.0134440070458,-7.07205114360778,3.55575774365098,0.993248237504121,0.074008524084692,0.0928519898613765,0.0901774029075881,0.0396259060785434,58.2470763731156
2021-03-05 14:39:16,-19.3281338763387,-7.71917792704224,3.59447796262218,0.991705966545221,0.0777437124251,0.0943584357209699,0.0929412020135088,0.0420258732278682,58.1959176991161
2021-03-05 14:39:02,-20.8746573406255,-6.8897780609568,3.62627709832985,0.984299031574494,0.0794074638235958,0.0935583582444641,0.090855560839935,0.0391860173555184,58.1229274809789
2021-03-05 14:38:47,-21.9074892415448,-7.59935645931979,2.99819351926518,1.00335163259344,0.0745996992921747,0.0923925510011723,0.0923540133698646,0.0415631958896946,58.3822661247542
2021-03-05 14:38:32,-18.9226901101637,-6.00293605091343,3.123984392855,0.98690445106128,0.0777524508648494,0.0898241657820625,0.0946297869169441,0.0469742048761512,57.6247657647757
2021-03-05 14:38:17,-19.7529023763999,-5.77979280264282,3.46000046043599,0.97477563923446,0.0786469371747451,0.092791628866811,0.091012644193907,0.042163406316301,59.6627086078186
2021-03-05 14:38:02,-20.4899378924853,-9.38569868413718,3.11320473841115,1.00134004073995,0.0733947501798865,0.095050308099088,0.0908593614018884,0.0390466479883261,58.5127745496597
2021-03-05 14:37:47,-18.9771423989047,-7.70837991820453,3.42924519250809,0.982122196345712,0.0790473642190994,0.0940229651211335,0.0917647497083588,0.0376537305925259,57.1737304551661
2021-03-05 14:37:33,-20.3292329476317,-7.51609649321498,3.44290939001528,0.994154339617795,0.077185331266158,0.0915581805153482,0.0926306674924597,0.0406733102056806,57.8639000470247
2021-03-05 14:37:17,-19.9825660289267,-8.45408742846901,3.37355428216749,1.00029986585762,0.0751243198578339,0.0873388561007183,0.0893332220069689,0.0443865753385366,57.8717483358629
2021-03-05 14:37:02,-20.9547405626583,-7.62466718605996,2.94001776940857,0.993988428120846,0.0691222680958138,0.0849234748177134,0.0888694710942364,0.0466030969417595,57.9114109288728
2021-03-05 14:36:47,-19.2065325232451,-7.47265379478351,3.42667783624999,0.982676294538569,0.0724392485137367,0.0901489213196096,0.0909913990845252,0.0467227255628573,58.74857545686
2021-03-05 14:36:32,-20.1111458316097,-7.16909698041317,3.02746041541444,0.974352210990167,0.0761249231646655,0.0902052092421455,0.0880067880962413,0.0445115367947095,59.1997803020734
2021-03-05 14:36:17,-20.9698857153119,-7.51019988539779,3.21688570617458,1.00528948189582,0.0700315205586828,0.0869775922878582,0.0945155568295805,0.0429295142324261,58.0361317345299
2021-03-05 14:36:02,-19.5814282894352,-6.7647180496609,3.91658010998624,0.998818605666071,0.0734965508572143,0.0891603746514567,0.0919649083714771,0.0418399638699415,59.3311183638633
2021-03-05 14:35:47,-19.2147867075998,-7.93255487571834,4.05466525197628,0.985987345559028,0.0761695285437214,0.0860745609141717,0.0894771684383055,0.036226386375475,58.1109952545993
2021-03-05 14:35:32,-19.4419910639902,-7.65282478187236,3.16470286039911,0.982654313881711,0.0790760659352546,0.0903440447826191,0.0916143020242861,0.0392169458967604,58.0454176658157
2021-03-05 14:35:17,-21.0280035190646,-9.66676257451444,3.38672391344549,0.985824928226771,0.0712807486888941,0.0885707368440597,0.0887435731091435,0.0375645813799525,59.4723550632879
2021-03-05 14:35:02,-21.5749854611588,-9.77971921830768,3.4789109028448,1.01044765841291,0.0718619948273885,0.0881939405212682,0.0900405628276419,0.0402596607402774,57.6140390688837
2021-03-05 14:34:47,-18.3540363069864,-5.86048346571002,2.51282506718572,0.976365025159886,0.0738380348044644,0.0899543582114275,0.0866295156848603,0.0427849162134961,58.7136786919009
2021-03-05 14:34:33,-21.3041439454179,-8.59059329098649,3.96313169075778,0.990532783130566,0.0745648835871768,0.0851865267978366,0.0877102902082154,0.0422049766295697,59.1885931293437
2021-03-05 14:34:18,-18.5447775555313,-6.11627222105657,3.15442910237533,0.980526517839516,0.0784232274483688,0.0930866426271028,0.0897980027263666,0.0415324383378771,57.2031194591498
2021-03-05 14:34:03,-20.3117890665334,-7.194196489109,2.43226549327971,0.988773068889889,0.069654877439433,0.0881666425182053,0.0907570434815731,0.0450755737354461,57.979023955496
2021-03-05 14:33:49,-20.0881792779514,-9.33533857127554,4.12117486474138,0.988406876072142,0.0768517388819915,0.0885313813419823,0.0869138244316041,0.0430831396018001,59.3583136966997
2021-03-05 14:33:33,-20.4706252419117,-6.45430780062492,3.72426795139844,0.986013773197043,0.0734111021515934,0.086551399872337,0.0896705822235564,0.0385530428831624,58.6368917470076
2021-03-05 14:33:18,-20.2982293330829,-5.25963844058628,3.76064872978139,0.981654585290854,0.0758277385658571,0.087295252090812,0.0877144282683045,0.0404280129234277,57.775698711309
2021-03-05 14:33:03,-17.210613896729,-9.93978164370849,2.53868476361255,0.989985805124784,0.0699989191025596,0.089002720314308,0.0896585535236955,0.0371044721991812,59.3462246207126
2021-03-05 14:32:48,-20.4804450362666,-7.08336642940746,3.90405147588978,0.992731993581157,0.0732993590727529,0.0870839093785896,0.0901540105946923,0.039049696269407,59.6418100546158
2021-03-05 14:32:34,-19.7845256453809,-7.5639484045096,3.76122176444151,1.00429675456351,0.072905494282765,0.086261908432062,0.0859640983262548,0.0439173320653978,59.8509684952842
2021-03-05 14:32:19,-20.4950415143758,-8.21127211669214,3.6715168601938,1.00321085076321,0.0734287195645592,0.0939790986600439,0.0868185177764358,0.0377308948941973,57.6176510435577
2021-03-05 14:32:04,-18.9114582838408,-9.84072948042165,3.09620801563279,0.985493942877601,0.0751292281341133,0.0874935944543545,0.0896173682106014,0.0420817202898103,57.7619914181008
2021-03-05 14:31:49,-20.492557239445,-8.63974213994418,2.94102714895746,0.979438394284622,0.0760321051019879,0.0886942292964279,0.0911539221002,0.0427053382932421,57.1992475301988
2021-03-05 14:31:34,-18.1692060884537,-7.9156484092108,3.42331943739169,0.999507269048805,0.075973834085656,0.090958829009975,0.083979889661025,0.0363378747908712,58.9421579638734
2021-03-05 14:31:19,-18.2666960631522,-6.78366039749178,3.38332281858676,0.989693679997219,0.0731587551646823,0.0871418627123654,0.0896822540319837,0.0441573797116988,57.6289266560541
2021-03-05 14:31:04,-20.4031286646986,-8.47911217825398,3.59780205892496,1.00541167960487,0.0760585740217713,0.083389975568765,0.0882032952481554,0.0446118580831441,58.4566112252394
2021-03-05 14:30:49,-18.3221595023797,-8.98404126911731,3.93708593855161,0.987583852003938,0.0752556350083873,0.0828101291905051,0.0867513385818335,0.0415671320817666,58.1595805376998
2021-03-05 14:30:34,-19.1259407584312,-7.76914794932869,3.52113346090518,0.984789380797022,0.0798221034891276,0.0882885591019749,0.0880901012524878,0.0367096834251889,56.8695614179963
2021-03-05 14:30:19,-15.9610478217603,-6.7375571088851,3.0191294032141,0.976009792561931,0.0762035025302338,0.0896864186003151,0.0881766991474836,0.0468177749730739,57.7381394097305
2021-03-05 14:30:04,-20.8772736083208,-7.32185580638556,2.98634843356295,0.977020270575362,0.0686725905257771,0.0824136733235275,0.0883617920326239,0.0484440072508588,57.9756734895735
2021-03-05 14:29:49,-16.2825546976015,-9.6064537038698,2.65964966904461,0.980782043512216,0.0806231953519815,0.085280788381727,0.0872622478358414,0.0438857982617749,58.2072834487949
2021-03-05 14:29:34,-16.0840589596674,-8.86957192160649,2.71122220702849,0.976320469214723,0.0745607521659122,0.080994653132178,0.0876520693644549,0.0440264055749097,59.1057597718943
2021-03-05 14:29:19,-19.7141485731067,-9.50915334483798,3.22961223934079,0.996973520327719,0.0713279822247064,0.087190359185031,0.0864943096191589,0.0421715384278793,56.5863851706292
2021-03-05 14:29:04,-15.5845725059298,-9.36424836791431,3.06720809161451,0.984062610331721,0.0751660891874001,0.0856948657083684,0.0848655415032643,0.0489974431086587,58.8618705364247
2021-03-05 14:28:49,-20.2595272329885,-8.26796793007225,3.10968919905214,0.970803498906656,0.0743891160200102,0.0816635781048086,0.0903488324777573,0.0347463754861863,58.8771409736288
2021-03-05 14:28:34,-21.7113753771919,-9.25354779184261,3.434359992919,1.00040489857514,0.0732000711445281,0.0879964053479924,0.0882089885335941,0.0431745981897044,58.0637025973503
2021-03-05 14:28:19,-18.6671580130899,-5.81280115926338,3.33601899486285,0.985795596599399,0.0793115103710313,0.0963935244532954,0.0900106352868696,0.0385669902167595,58.3435315298834
2021-03-05 14:28:04,-19.885657368429,-9.54821378010837,2.79486520228359,0.993953098211388,0.0805990392831971,0.0865173885964686,0.0899283332977616,0.0334637130745393,57.299678123128
2021-03-05 14:27:49,-18.7718220842394,-7.24386337478864,3.77794163313296,1.0038918426519,0.078355289551094,0.0846440563788357,0.0877946639845031,0.0445171240982674,60.291793022647
2021-03-05 14:27:34,-17.2858028443779,-9.92046125790803,1.72319750443422,0.985636499483164,0.08032478495235,0.0903121653595274,0.0907078412653427,0.0328203961064756,58.7954156392342
2021-03-05 14:27:19,-18.3102262768053,-11.6985254459655,1.76527459460996,0.990358247089097,0.084088144920348,0.0903381713997433,0.0909417407291967,0.0353662789449575,59.7278886956525
2021-03-05 14:27:05,-20.3528933171063,-10.8082673254347,3.05872309208132,0.978740697919783,0.0688418879041037,0.0864285745587972,0.0920295531037996,0.0422373021371939,57.3218010239494
2021-03-05 14:26:50,-15.9715872298489,-7.03673890686782,2.8462309281006,0.972056864098326,0.076503993811335,0.088816864550934,0.0855999119459293,0.0503829721454103,56.5948916049672
2021-03-05 14:26:35,-18.1492732472026,-10.1809633250855,3.22214147572655,1.00446383514784,0.0742393909267171,0.0853401818715358,0.094847482770999,0.0361882601019426,59.7644001991226
2021-03-05 14:26:20,-16.9250024460104,-8.53910210937686,1.67652137237116,0.961641063806244,0.0708029930922383,0.0841596820355574,0.0894038962691062,0.0417428566713555,58.6651292627038
2021-03-05 14:26:06,-21.1849556031498,-10.137414364521,3.32271125475338,0.989326577541191,0.0776151146027016,0.0839754437519169,0.0923693391440314,0.0414006569996644,57.7031975386173
2021-03-05 14:25:50,-16.8628783275917,-9.36443444241769,4.40995965324463,0.995594993569163,0.0740680084583016,0.082380825768822,0.0867532471881448,0.035660250945737,59.1681335459146
2021-03-05 14:25:35,-20.3156232560545,-10.6624507280001,3.9848621992392,1.02417978554613,0.0785821746868916,0.087311332490234,0.0848067072789351,0.0407221652146461,61.1421865590774
2021-03-05 14:25:20,-20.0259889820881,-9.937984739708,5.13547397872586,0.999076488591895,0.0777099644923928,0.0815324494335584,0.0916396153947398,0.043612675844715,57.6565648668609
2021-03-05 14:25:05,-19.7625574652973,-6.92873028913223,3.75745819900704,1.0016073953378,0.0766319398737496,0.0884033270926462,0.0939863774190834,0.0380982618830249,57.58278465728
2021-03-05 14:24:50,-18.9542340673255,-6.76145058188427,2.97632016116534,0.997115470394328,0.0838697027291665,0.0874321795834043,0.0846453782342444,0.0366316791612657,58.2088183804206
2021-03-05 14:24:35,-19.7647766221663,-9.40991004598558,3.36803545325133,0.988723584069878,0.0734926833744756,0.0867038529644465,0.092570041104299,0.0501900789036795,57.3181276808323
2021-03-05 14:24:20,-17.7568608457566,-9.06759844001665,2.64390949600448,0.964235814849467,0.0748922089569869,0.0918018975467812,0.0907835725430497,0.0464003353849629,58.9424284623826
2021-03-05 14:24:06,-16.7063688129944,-9.46498933018477,1.88141438004888,0.987551073686408,0.082140117128282,0.0871208028100928,0.0915978144763114,0.0369749334758214,57.1799134281575
2021-03-05 14:23:51,-17.4225748456225,-7.45571521500951,4.14246213522323,0.954998568435567,0.0740958668343882,0.0762295643321358,0.0894631557245205,0.0447189595856335,58.5973048755775
2021-03-05 14:23:36,-20.1305183984466,-9.08241624308786,3.37705425796603,0.984635853633282,0.0734416074044193,0.0852971866285213,0.0900172509897268,0.0407192997923901,57.0264490090962
2021-03-05 14:23:21,-20.8225744412275,-9.77763700399488,3.16876586256278,1.00531514227623,0.0691689456774393,0.0905601510527156,0.0945767650721446,0.0315121823466621,57.6792571742262
2021-03-05 14:23:06,-19.1522689464919,-10.5836935887076,4.18270823693415,1.00105932197884,0.0753804021059051,0.0902297340491047,0.0891104037877766,0.0281203745350674,58.9860348807966
2021-03-05 14:22:51,-23.5272857885394,-11.0823862439062,4.67434036353367,1.01050149678155,0.0718786529030063,0.0816207697044469,0.0987602652510922,0.0405972106829454,57.7883047908632
2021-03-05 14:22:37,-17.9772189040719,-8.7008046909072,3.74545040139596,0.963269559042662,0.0706194714676078,0.0783386531937131,0.088932507587313,0.0469551296841306,58.0310497614997
2021-03-05 14:22:22,-22.1447155133971,-11.3021073275575,3.56479822666427,0.996715054861991,0.0806202785167745,0.0915577860759214,0.0906390671310301,0.0428701766293884,57.6293419936699
2021-03-05 14:22:07,-18.9722080827855,-7.51865249504014,4.20008342939962,0.977555272256659,0.0740777076723668,0.0778891446053747,0.0916603470631058,0.0464644678244923,56.7261449135573
2021-03-05 14:21:52,-18.8518865576819,-11.0531839320477,2.96930100221515,0.988095846796751,0.0811127417420851,0.0927210778384299,0.0907434862500407,0.0454088331192697,57.1199596944344
2021-03-05 14:21:38,-20.5464089223318,-6.90349555622683,3.63744715797447,0.998022652894263,0.076839136823383,0.0875865059880741,0.0946169096534226,0.0394286233173881,58.6426702055236
2021-03-05 14:21:23,-18.6844918055699,-10.7957341643968,6.22431357978344,1.00142711899005,0.0784602186315449,0.0853144352101837,0.0948923884681635,0.0319332548386134,58.2154425976416
2021-03-05 14:21:08,-22.737010632684,-7.28926839257344,2.79709756089479,0.985526440695749,0.0748755505322165,0.0929867140817554,0.0926876009495063,0.0433999291156768,58.9186683331583
2021-03-05 14:20:53,-20.5076394665727,-10.5077843431092,3.83804923977425,0.992157087977007,0.0749460885497893,0.089306149603721,0.1,0.0367934522299946,57.793372412676
2021-03-05 14:20:38,-21.2816302054295,-11.9334386606187,5.12885519707683,0.970286121354187,0.0671950072789241,0.08917829698023,0.1,0.0472750290053656,59.4431058201562
2021-03-05 14:20:24,-20.5297225099899,-9.2809987502307,3.99463580650143,0.994881460139968,0.0790002190302608,0.0939853641511049,0.0844419288759764,0.0386103889130916,58.3156363984687
2021-03-05 14:20:08,-19.2655973869016,-8.78581996772144,3.47808755907895,0.991311129118915,0.0720818702325311,0.0879654872394553,0.0836999461877132,0.0370653633291725,58.674747484431
2021-03-05 14:19:54,-21.0519572827184,-10.6363004739542,4.40868369422754,1.0241552444292,0.0786759843412271,0.085526760310358,0.0881521550272553,0.0399628357446772,60.7383233963307
2021-03-05 14:19:38,-20.1076845976287,-8.31328108714724,3.6148889030614,0.991145758610829,0.0732416873954733,0.0858433057008917,0.0885910856722451,0.0460680357253933,57.9112207814735
2021-03-05 14:19:24,-17.8124069545752,-10.4505167317211,6.4307887157166,0.972698510814542,0.0775198278247318,0.0831668697416988,0.0908741511855808,0.0355611904969718,58.760741652476
2021-03-05 14:19:08,-20.5269769263864,-13.9588666851949,3.78938519927246,1.00689007724767,0.0754803976494727,0.0855951458775715,0.0856190633972131,0.0301683272324569,58.5786700156099
2021-03-05 14:18:53,-20.0109160343834,-8.84266900043997,5.483117140277,0.995349379632913,0.0840558617821973,0.0879201382063699,0.0859093694442764,0.0299805145893941,59.6282640507025
2021-03-05 14:18:38,-17.1367864824884,-12.8190949111793,3.59317216543923,0.992169493695681,0.0810385469131126,0.0883816325228496,0.0810548991826394,0.0416735499265434,58.7446502546824
2021-03-05 14:18:24,-20.031742454407,-12.0431204762762,6.3991502042874,0.992351858613806,0.0622917289353553,0.0761701488170911,0.0834770632017048,0.0355316915076629,57.3439712129528
2021-03-05 14:18:09,-20.7336826569221,-13.2533167786323,4.41906929489216,1.00724866644322,0.0817922452354015,0.0917828142300858,0.0907878046773803,0.0333116670008445,56.6468158132723
2021-03-05 14:17:54,-17.8266594821352,-11.9765375394639,6.0576373101006,1.00217643187791,0.0713252515307995,0.0845515154227149,0.0901721543431922,0.0330345314660583,60.6749540550458
2021-03-05 14:17:39,-21.1971347227495,-9.52611370438254,4.55800109151608,0.986009058757558,0.0691699762247477,0.0870617394308139,0.0940566531198403,0.0470547665373082,57.0439022813535
2021-03-05 14:17:24,-20.367326736971,-13.2282631868953,4.29282360624031,0.966962982904451,0.0672603973706107,0.0786064372679652,0.0867479704160335,0.0399027289224327,59.3316674662242
2021-03-05 14:17:09,-20.7174893932683,-9.60691365279562,5.23566038403108,0.993614599628682,0.0795257937080318,0.0892297572520947,0.0880823411389324,0.0361968860740327,56.9487045338684
2021-03-05 14:16:54,-17.7387558945843,-8.76369240266046,3.68861779476733,0.961964320640258,0.0805566452077251,0.0879039845283268,0.0931540169329741,0.0401518745056994,58.1887029579574
2021-03-05 14:16:39,-19.4520863772891,-6.59077391208725,5.11439197822817,0.981370978707791,0.0750854374828935,0.0924306225109791,0.0982964823295,0.0380175482571209,58.0896538204853
2021-03-05 14:16:24,-19.9662916365392,-10.5310367913155,4.35930922898479,0.97319702948756,0.0785004322368557,0.085284367579373,0.0909813693732562,0.0374660150498731,59.3298851408331
2021-03-05 14:16:09,-17.9187167374294,-8.17671571855121,3.92577537399214,0.988602528036039,0.0677558914498944,0.0907955421752678,0.0879783847257659,0.0401986766651043,56.6975964129574
2021-03-05 14:15:54,-20.1059565585528,-5.56284651879847,5.70026181865565,0.975677444457347,0.0651717070016688,0.0813223126084181,0.0914111003740631,0.0506314437498266,57.8030306818767
2021-03-05 14:15:39,-16.0142706331226,-10.5707348492908,5.96632731314268,0.995347484393684,0.0739516787872203,0.0829233663081238,0.0822547828263618,0.0434742747731206,59.8239512543606
2021-03-05 14:15:24,-18.1308909281536,-8.9201925132716,3.54493211899516,0.987534826001296,0.0702963430749051,0.0876799494662703,0.0896254602739838,0.03859915123896,58.6680587533749
2021-03-05 14:15:09,-18.1898308883181,-6.40251215053856,3.49242585355289,0.948543858548348,0.0875526597674803,0.089266485399196,0.0861379228806905,0.0452574432965725,60.188397469917
2021-03-05 14:14:54,-15.7482726038776,-7.07940784189196,4.13834086608051,0.963657158064318,0.0785310735595044,0.079459111277491,0.0855819854680146,0.0335870211229635,58.8567254214029
2021-03-05 14:14:39,-19.2874870188813,-11.1195754422811,5.027472042101,0.973567630564102,0.0770864286636242,0.0815935368666008,0.0873677448004859,0.0455446505302562,57.4165209296808
2021-03-05 14:14:24,-18.926285117082,-7.10668731812473,4.22764589530274,0.963574118325859,0.0687316562147992,0.0938954155993956,0.0923729061845351,0.046307062881762,60.0268217519724
2021-03-05 14:14:09,-19.6290403213543,-10.1203024720223,4.13979321201347,0.99050029504413,0.0769088562433884,0.0877526848634076,0.0913145644404476,0.0388521391152617,56.5014152028559
2021-03-05 14:13:54,-18.0880911891236,-9.12317517547099,3.94332707305762,1.01173710829958,0.0776019102262345,0.0795379375123637,0.0888239498075617,0.0356018047907504,59.5798323812967
2021-03-05 14:13:39,-16.3107417948628,-8.21584885994474,5.47854968872978,0.956393067273629,0.0768303648613125,0.0859683485240134,0.0879339568175863,0.0501995456392308,59.177884403393
2021-03-05 14:13:24,-20.5294914643432,-8.09625359936383,4.54448822624156,0.979094609249772,0.0666575201597999,0.0861073126710271,0.0908522555508564,0.0403502802545542,57.4827216010226
2021-03-05 14:13:09,-19.2457935561866,-8.47279310804479,4.85490563929408,0.991999376049026,0.0780694822613668,0.0847259891700376,0.0932719187249045,0.0402803105923605,56.1287265385424
2021-03-05 14:12:55,-16.956952187581,-6.69060101146736,4.4539968355141,0.986462527703471,0.0752485032432835,0.0821530817188556,0.094819370778846,0.041737154877277,58.4139459037621
2021-03-05 14:12:39,-16.2403927161991,-7.9827538586593,3.20240781499722,0.962291945721337,0.0709217434026035,0.0904805335924351,0.0850090639366413,0.0464544191200825,57.0412908342374
2021-03-05 14:12:25,-15.3551505252905,-5.73939285581674,4.83737432527718,0.989767097797095,0.0804944578930519,0.0941627434711106,0.0928921880490136,0.0475538962941132,60.9141142308359
2021-03-05 14:12:09,-16.6829099007757,-7.35944246579301,5.5556660841888,0.976703537671386,0.0744023141235486,0.0863141216022809,0.0888960960565232,0.0405977014060488,58.170283637036
2021-03-05 14:11:54,-17.6996194498932,-10.0036242789219,4.68079987893036,0.966096517799146,0.0669367429257353,0.0856340871755676,0.0875027023478276,0.0437305017682663,58.3881693107332
2021-03-05 14:11:38,-17.7780021188624,-5.49293663241868,3.63119177251653,0.968320736862655,0.0784407937032227,0.0971663589082077,0.089909233403252,0.034118369170048,58.4276870743095
2021-03-05 14:11:23,-18.2974837339139,-5.94505505219302,3.96991461664907,1.00214974948764,0.0666284941724319,0.0894963092105931,0.0917942543168558,0.0446215663444654,58.1648789744237
2021-03-05 14:11:07,-14.3614486241762,-8.28680315473107,3.92387153696496,0.984833827891096,0.0718143312827757,0.0920226319309954,0.0919705155659662,0.0376332219519774,59.9948273013253
2021-03-05 14:10:52,-21.1520882055043,-6.03523072448872,3.66061486294548,0.984638306256819,0.0801855521564974,0.1,0.095273419618834,0.0399591431173821,57.5688140700918
2021-03-05 14:10:37,-17.4991326615961,-6.70976435087468,4.76220918126163,0.955990790053738,0.0751336608735549,0.0803589764412105,0.0905556012217041,0.03431611543452,60.3660423753104
2021-03-05 14:10:21,-15.9791141337662,-2,3.4606004700289,0.964157225739542,0.076457569450917,0.0913245642240174,0.0931028865919772,0.0428348644041806,57.5322155815603
2021-03-05 14:10:05,-15.8184625515034,-7.98312019903733,4.53601843481896,0.972211290624948,0.0718994788690554,0.0890794849098299,0.0877548137145618,0.0459999344101167,56.6734493647089
2021-03-05 14:09:50,-19.5780396774224,-5.32270072672249,4.72346527780538,0.975585294687183,0.0730301133853075,0.0858837787258242,0.0955109739483435,0.0464066676945223,58.3258251391567
2021-03-05 14:09:35,-20.1219870727001,-2.23004121476989,4.16555438936724,0.993148312319699,0.0750120325318648,0.0940214489851854,0.0937272096105869,0.0318027748966106,59.4346994388063
2021-03-05 14:09:20,-16.4910555027617,-4.6071677448321,4.94384470284964,0.983181392641337,0.0786600659622819,0.0878775156296128,0.0896966055770074,0.0436067879738189,58.5286693168305
2021-03-05 14:09:05,-19.2690725098388,-6.04244247507527,3.99735156073451,0.96244090200242,0.0832689637919547,0.0905222026551178,0.0934843196966749,0.0401545505451427,59.2429404596909
2021-03-05 14:08:49,-16.1417746269451,-6.87642020537566,4.15304797428927,0.975346584248068,0.0721704964645998,0.0876685112816604,0.0809308223349099,0.0426840167209492,57.8017672918741
2021-03-05 14:08:34,-19.2412287928556,-7.55583831467033,6.23934133757163,0.981348920256987,0.0711869727261907,0.0849780271071845,0.092916856759512,0.0312946717584577,57.3192787757469
2021-03-05 14:08:19,-13.8342150965126,-4.39299324680239,3.61233392524863,0.929648855228333,0.0829351961385181,0.0983013173548865,0.0921264101417068,0.0375929443284902,59.5173679144812
2021-03-05 14:08:03,-20.0376292801662,-6.40713966333855,4.47099366741848,0.973550368593194,0.0724432592423597,0.0879026080311073,0.0907575134680403,0.0365883263847697,57.7882543825201
2021-03-05 14:07:48,-14.7093073318661,-3.77194984068631,3.6085411729788,0.990011714978004,0.0864811154088724,0.0953567281372788,0.0814513318378548,0.0359813662122111,60.6808050075628
2021-03-05 14:07:33,-15.0161301643379,-3.98093090151703,4.13240627704747,0.975432872831075,0.0823929767682907,0.0900914930815066,0.0929732288719829,0.0451368657872267,58.0977917293464
2021-03-05 14:07:17,-19.9190285412747,-8.34661054087827,4.89352998326246,0.987329136881972,0.0807918399597282,0.0929064505537892,0.1,0.0336306783226997,58.6374607362891
2021-03-05 14:07:02,-19.8394871996206,-4.15919546633836,4.50850954177086,0.960420649197675,0.081305583816646,0.1,0.0886526585967575,0.038930152671214,59.3916296117238
2021-03-05 14:06:47,-17.4511132954091,-8.09265346289906,4.73411649133133,0.976539449473273,0.0851860556208139,0.0955320769060747,0.0984352479719634,0.0388105590459777,58.3321546375403
2021-03-05 14:06:31,-17.339802337352,-2.14978451124331,3.62144363280043,0.951672246192816,0.087551472308165,0.0916547193692885,0.0930066765585745,0.0488330129707684,59.7166111000096
2021-03-05 14:06:16,-16.8876344082125,-4.99197688173376,3.26341816078433,0.976089918323308,0.0848150917968786,0.1,0.0862465881055335,0.0278798297881487,58.396633873588
2021-03-05 14:06:01,-17.6122163071775,-2,3.40275918468187,0.990261335476556,0.0899995119230051,0.0931555893952019,0.0878890087262006,0.0533768836454704,58.9450522373299
2021-03-05 14:05:46,-17.2300663646815,-6.9279910914064,3.45355464068789,0.959127024502045,0.0843816911678442,0.0990229818764401,0.0911687171838987,0.0467722681528857,60.3483633940456
2021-03-05 14:05:30,-18.7444176718727,-5.79196045379109,3.27442575048282,0.963775897366218,0.0813785986616712,0.0921466537288059,0.087514607455938,0.0517120035763917,59.2792111483275
2021-03-05 14:05:15,-16.4284268898597,-7.51528343885601,3.98593776102048,0.973287479744328,0.0793670079094157,0.0955547847429119,0.087730564254511,0.0441092805624247,58.1467600453236
2021-03-05 14:04:59,-14.5046797165366,-5.8540565620534,2.24620571379495,0.970884228088809,0.0735950911799026,0.1,0.0939915284165204,0.0441301110002163,59.1557882560776
2021-03-05 14:04:44,-13.4106044142637,-3.05979264333364,2.17494816237374,0.981208312358802,0.0807947728957678,0.0996395140716284,0.0985359287045413,0.0476460811678141,59.6786488281406
2021-03-05 14:04:29,-17.2765571215596,-7.96764096411973,3.50181863920676,0.987342934908504,0.0797524806370424,0.0923630648279212,0.0888927493732418,0.037348877615623,57.4355216223009
2021-03-05 14:04:14,-18.415716555426,-2,1.98517767976501,1.00552945414069,0.0755157875986093,0.0904203872411993,0.0880473803528424,0.0593181155010466,61.2681632472394
2021-03-05 14:03:58,-20.7056798227091,-3.70904055951749,3.47504507149907,0.958690504975539,0.0795981148601876,0.0977685957973762,0.0876682450352371,0.0489897276172072,62.5758930652402
2021-03-05 14:03:43,-15.5480682264863,-2,4.3091638829295,0.96592587470165,0.0849909819983191,0.0964217443645463,0.0946636213720679,0.0450693961180744,57.8868901452901
2021-03-05 14:03:28,-18.615339910508,-3.75957785743211,4.70102111763431,0.959092125568131,0.0829972515940643,0.0898133515949311,0.0862991244744135,0.0336894938241155,59.0923039594137
2021-03-05 14:03:13,-15.6649124078332,-7.99256999172808,3.60583729869585,0.938578710175767,0.0819365070279373,0.0881890995689279,0.0876514474664829,0.0331015846538028,60.0110254909931
2021-03-05 14:02:57,-17.3948540781126,-11.2539095592193,3.9660249616462,0.947500055655872,0.0879121323998805,0.0907740417608777,0.0981591902727951,0.029419031804127,60.029616201419
2021-03-05 14:02:42,-17.0395961535495,-2,3.49293036988603,0.969586509006416,0.0810187893049344,0.0935799530212844,0.0815183335269205,0.0393656126181654,57.234362094714
2021-03-05 14:02:27,-14.0490133437767,-4.8611857157859,3.38176215654906,0.961372221042612,0.0857418733549688,0.0975459171409645,0.0897637026271181,0.0465061291712114,58.4551820761778
2021-03-05 14:02:11,-16.9039258053198,-6.74822052945457,3.65437218554486,0.968991455951154,0.0775927639235185,0.0943035419162603,0.0921807498983142,0.0435913713305638,57.388478484125
2021-03-05 14:01:56,-18.1524345629154,-5.66521812879283,2.14860976908669,0.995411261810536,0.0892963179066016,0.0953023402778954,0.0890358032615304,0.0457215072723794,59.2533994249282
2021-03-05 14:01:41,-16.672294298344,-5.33092148093352,2.58076267344133,0.972947710918879,0.0828031711048403,0.0942616002416359,0.0964751024184365,0.0416429556062456,57.3994644237328
2021-03-05 14:01:26,-15.6425652269679,-9.67992785073796,3.40940893975604,0.969973682740967,0.0901982807153813,0.0878308667069671,0.0910638454886202,0.0391290883208287,59.5532273003771
2021-03-05 14:01:10,-14.8955923776589,-4.51840159014534,3.29743409676176,0.978087305516546,0.0833030790280671,0.0927577406558503,0.0787481059544533,0.0412216505399873,59.4381972227576
2021-03-05 14:00:55,-16.7772652492598,-7.36397319974669,4.55070970896364,0.936340870632668,0.0848207807207217,0.093495817931434,0.0901412205668935,0.0344390404127826,63.8588627183267
2021-03-05 14:00:40,-16.7163537985861,-5.30379782533487,3.71919228911651,0.96542547401396,0.0876571118932505,0.093915258025,0.090398071445533,0.0425804550289813,56.2895154658136
2021-03-05 14:00:25,-16.9942690501234,-8.9742446100509,2.40399343581765,0.971735246495599,0.0832337093052762,0.1,0.0843949310715023,0.0354479966906523,57.2184134712148
2021-03-05 14:00:09,-18.9941012366528,-3.36871216726679,4.0064704213875,0.962975758136359,0.080173198561776,0.0800243046175335,0.08765654967223,0.0388081757267159,58.8852352904567
2021-03-05 13:59:54,-18.9569660717837,-2,3.08937322701898,0.98091706060575,0.0856946447608217,0.0931433036153348,0.0742003819652173,0.0479966103843355,60.0466244323879
2021-03-05 13:59:38,-16.6802942965154,-10.5310198305944,2.74252900953851,0.945955720084269,0.0884172273104549,0.1,0.0849434813636053,0.0303326281763335,61.3764855371241
2021-03-05 13:59:23,-19.5557713508842,-6.69020263202022,2.94127952691571,0.964726188155875,0.0793748180384871,0.0832488553555141,0.0924377314338544,0.0403352602658566,59.4675335754047
2021-03-05 13:59:08,-19.9993318540122,-6.13590475129114,3.14096907350417,0.969247589636073,0.0716564302045252,0.0894660719689232,0.0945141304879166,0.0479368613469875,59.5106300935851
2021-03-05 13:58:53,-19.9065024503616,-3.90230817222269,2.85628939445948,0.977197764590071,0.0771969955507902,0.0919254169086351,0.0906084484905718,0.04596712430294,58.4340235229708
2021-03-05 13:58:37,-14.8154532058222,-4.74774313054801,2.3269817368448,0.959250907981555,0.084587426384351,0.0775904202660476,0.0938958203222081,0.0388552683368657,59.1301567114796
2021-03-05 13:58:22,-16.8364365204081,-5.21311024081741,5.1534068101088,0.945838044978919,0.1,0.0795776366385626,0.0844158875247209,0.0432320105197195,61.9014247164763
2021-03-05 13:58:07,-20.6810003132077,-5.8643551348424,3.93128519957829,0.98164878735928,0.0790826141921966,0.0887991159368844,0.088377506902943,0.0400845491557264,57.4530054940848
2021-03-05 13:57:51,-18.1557293711255,-3.68245574078654,2.51507103826346,0.963995393179891,0.0980149024268359,0.0994676802998813,0.0865829648552088,0.0415213395391481,59.6481010391379
2021-03-05 13:57:36,-14.6768102127698,-3.80782892037457,2.36537743634587,0.995451564978814,0.091295344856084,0.096198216795956,0.0872495016292358,0.0436809430987234,63.8204148857498
2021-03-05 13:57:20,-14.3008130353839,-5.70212759609787,3.3618480779517,0.951112461183386,0.0946983589950694,0.0898585863961694,0.0792705316101322,0.0362754186986673,59.3414676968999
2021-03-05 13:57:05,-17.4323909201958,-3.14148624303194,2.10720849198273,0.986382544103175,0.0779958163983438,0.085303527948513,0.0840554713054641,0.0572966514717025,58.9840612590409
2021-03-05 13:56:50,-16.447762186773,-6.80648558457143,2.93696829954831,1.02734899570702,0.0930517130758459,0.0980897639427233,0.0893287996022721,0.0363294841411422,70.1070560198139
2021-03-05 13:56:35,-14.3142375605228,-6.76067762465423,3.30777381082783,0.942523874052879,0.095039037895325,0.0903541559997622,0.0843159992197329,0.034717018455136,58.7115447980852
2021-03-05 13:56:19,-13.8114210750645,-4.68988038474124,3.05099953852888,0.975348623682967,0.0859010201013891,0.0986875284358296,0.0885488373157267,0.0384001195994286,59.4259163303541
2021-03-05 13:56:04,-11.271310318652,-3.31976973117268,3.54020159075796,0.927355791878732,0.0991686008301175,0.0961058680806318,0.0808612597348196,0.0518662957115874,58.767809637024
2021-03-05 13:55:49,-16.2858683757915,-5.35792719927004,2.71180209127311,1.01349449119938,0.0840513853037646,0.094556442077801,0.084516164178865,0.0358018653334173,64.7158120422474
2021-03-05 13:55:33,-17.9797059051142,-3.82523666113601,3.56920078409898,1.01392744116601,0.088491783149336,0.0961986825485305,0.0866632121627423,0.0379451521354822,62.3059085167459
2021-03-05 13:55:18,-16.2276807728903,-6.14108714031377,1.87867889567822,0.96155398371818,0.088345232998885,0.0915239824811413,0.0885429670131537,0.0464191279716313,61.0000197833855
2021-03-05 13:55:03,-16.3211082704217,-2.66592742133598,1.8994873159589,0.935829693807663,0.1,0.1,0.0817271962606334,0.0388602415395297,61.9553248358527
2021-03-05 13:54:47,-19.8041491139502,-9.05688471101996,3.33574311030699,1.00484665783497,0.0846311205514604,0.0820440451900765,0.0954046015768241,0.0390896074089119,59.8710531866312
2021-03-05 13:54:32,-18.089201621034,-12.2550063071073,1.70401685082278,0.952572205722194,0.0924751347092642,0.0970741262855411,0.086983031652752,0.037193470316704,60.8644547748835
2021-03-05 13:54:17,-14.4491024218413,-2.5995513874681,2.89415954468645,0.959134505719327,0.0938350862501558,0.0913536112073777,0.0832179402291607,0.0432500326390232,58.124119077614
2021-03-05 13:54:02,-14.5550377517418,-2.57553347209616,1.17184134108385,0.979261470165188,0.0854381299042137,0.0984069530051819,0.0918702226671923,0.0360779892705103,59.9492190275338
2021-03-05 13:53:46,-14.8670925835636,-7.50586745666729,2.95259955027242,0.969450716505959,0.089528520899369,0.0940717551776929,0.0723553326663822,0.0411741175632722,59.2523162956085
2021-03-05 13:53:31,-21.3873047588928,-7.30460747239533,2.70020292972119,0.961099384403176,0.0816443985817734,0.0869972688858928,0.0882739600841745,0.0480965533981981,60.0650440208207
2021-03-05 13:53:16,-15.0254070651803,-4.63297336418157,2.52227419652079,0.980621601147458,0.0925747804376899,0.0930826276857095,0.0853855853015933,0.0320020879651299,57.7109129002879
2021-03-05 13:53:01,-15.12777331134,-9.37683406407399,2.79610571916111,0.962961459406615,0.0889273579044585,0.0935764748862709,0.0824352674286024,0.0347776751403962,58.6281015274388
2021-03-05 13:52:45,-13.6024017471455,-4.0479823734207,1,0.92821562010518,0.084877001024185,0.1,0.0906614110811213,0.0340992686758113,60.4502346878294
2021-03-05 13:52:30,-14.9719693063934,-2,2.09363373378479,0.972217385801575,0.0869307320879092,0.0909989601062721,0.0759009352828304,0.0379308199081622,60.0786244664838
2021-03-05 13:52:14,-18.9713133306086,-3.85494308080943,1.22631895150562,1.0295944046511,0.089954554086622,0.0848593705027772,0.0889147216917636,0.0431152765427924,66.5187406513221
2021-03-05 13:51:59,-21.1770249848132,-7.48468148967498,1.1407550133808,0.960249273807272,0.0833258613298737,0.1,0.0834977309769018,0.0434159932344027,61.9750147791625
2021-03-05 13:51:44,-18.1937166900444,-5.13257622700457,1.37008026032683,0.973248275432794,0.0982313548922728,0.1,0.0884995693385246,0.0419100614880674,59.4768034769695
2021-03-05 13:51:29,-13.3578621361635,-7.77298828218152,1.65716483260794,0.98343432825481,0.0930426691751383,0.0903048244655557,0.0819549112487443,0.0372145641983053,61.5537499444538
2021-03-05 13:51:13,-14.7324338703609,-13.369798514033,1.82085671788848,1.00758367507999,0.0854370899738552,0.1,0.0939462509504592,0.0340748373141553,65.1992322338093
2021-03-05 13:50:58,-19.9200015941248,-8.41722652322771,1.79903535525908,1.02473412778171,0.0816360851727912,0.1,0.0810147723558193,0.0235983515980262,62.2381649973579
2021-03-05 13:50:43,-18.5155283216417,-2,1.37623600002062,0.956172122658091,0.0870938829069546,0.0977031333249705,0.0931534915324527,0.0508059976194372,58.8804831718049
2021-03-05 13:50:28,-14.6129745707763,-4.15314165062537,1.14130019802349,0.974919992328634,0.0854810278216342,0.0979979848053796,0.0900883961653764,0.0375970604000634,57.3498952491183
2021-03-05 13:50:12,-18.916943745452,-6.81453847190486,1,0.98157862894207,0.0876882472714178,0.0946331543288927,0.0814668992839124,0.0417296453927091,57.2940735722615
2021-03-05 13:49:57,-16.4039703285976,-7.19018670234711,2.10953711843103,0.960409672481459,0.0778285745873895,0.1,0.0839043806375513,0.0253191343440367,57.4522783587888
2021-03-05 13:49:41,-14.5217846961909,-3.92714590324143,1,0.962131311236921,0.1,0.1,0.0926281742511773,0.0444293750651876,58.6279403684751
2021-03-05 13:49:26,-19.9015329512232,-10.2935288120285,1,0.981281794022267,0.0887503017470134,0.0970520216290282,0.1,0.0397353680173073,58.4863403390589
2021-03-05 13:49:11,-12.5334162369185,-8.85567407737154,2.50618638572678,1.00804593580782,0.0910032188144698,0.0913226617869282,0.0967004026113865,0.0358399263636995,72.4866947604079
2021-03-05 13:48:55,-14.3251163132551,-6.60368866498195,1.39612982558276,0.998760368807248,0.0854758149922372,0.1,0.0915828083445974,0.0468518742196726,62.7229798696261
2021-03-05 13:48:40,-11.1389974217183,-3.44204072161507,2.53672094761518,0.927257507156987,0.0906000592007833,0.0889641808517576,0.076573228887957,0.0451559967277212,60.5129571954777
2021-03-05 13:48:24,-18.9737111376877,-7.8109893223817,1.43711936698038,1.01255231882093,0.096839038487348,0.1,0.0977257394115118,0.0346503101754655,60.899104259405
2021-03-05 13:48:09,-14.1699960487656,-8.50824792287953,1,0.969702510904368,0.0964856173410104,0.0895911431101824,0.090007221235464,0.0432915578799382,58.9898852989838
2021-03-05 13:47:54,-19.3878698759389,-2.5793376097447,1,0.96254621596656,0.090682426331497,0.0988586024020805,0.099164778113679,0.04656951648333,59.6949408268987
2021-03-05 13:47:38,-15.323195534336,-12.0461818085046,3.13241705744823,0.946981100609701,0.0924189043382238,0.1,0.09920435492095,0.0292922923844282,59.468576458444
2021-03-05 13:47:23,-13.3912620876681,-9.12347866733254,1,0.983944593436049,0.0906637592183933,0.0821297094346568,0.1,0.0363709573003037,60.6966135741409
2021-03-05 13:47:08,-17.1939428046397,-7.62131958772557,1.33473734093203,0.98497757871768,0.0868541058894373,0.1,0.0804014190236479,0.0342031065580247,58.2940424560528
2021-03-05 13:46:52,-16.7136722615835,-5.26483550169191,1.19708857113758,0.967232186443155,0.0996440023451846,0.1,0.1,0.0499964873196226,58.7398626337396
2021-03-05 13:46:37,-11.3658449390068,-4.49830033002487,1.2024687415301,0.955890363706772,0.0871201648558591,0.0993479129298559,0.0920225532330652,0.0363738062191726,58.8309289131153
2021-03-05 13:46:21,-13.1509673853617,-10.0226915100977,1.75417302542409,0.97181366257235,0.0965689314999244,0.1,0.0955926027069234,0.0343496076220506,58.8940567065192
2021-03-05 13:46:06,-18.0077652893439,-3.96882135556012,1.65710475828296,0.933058931885936,0.0958503763464902,0.0975843426110449,0.0871584161486938,0.0355687802017769,65.1815979509212
2021-03-05 13:45:51,-12.7073485258825,-10.7529282600044,1.72826724798347,0.900399929707851,0.0852791832939172,0.0942739836819627,0.080472778609221,0.0436720551880802,65.4428647350232
2021-03-05 13:45:36,-12.2269050206037,-8.46815310056672,3.63219906620823,1.01445580209538,0.0839451206925412,0.0946139698714072,0.0915246923189705,0.0427204582327875,69.0256852536555
2021-03-05 13:45:35,-16.1103752480721,-3.42743002802615,1,1.0157554124763,0.1,0.1,0.0941633246341461,0.0493317060769903,69.0256852536555
2021-03-05 13:45:19,-13.7550854292427,-5.05537488603084,2.00871272680155,0.923474066699261,0.0882949185008973,0.1,0.0912584880009508,0.0454740899576965,60.8806466008094
2021-03-05 13:45:04,-16.8140990283694,-8.4178559780031,1.64391367313969,0.973753159362737,0.0877232960250628,0.1,0.0953229273795868,0.0333371622645705,57.5090714820794
2021-03-05 13:44:49,-12.0281943178061,-7.17483100291259,2.15731130368509,0.967885841153235,0.0935923423046401,0.0942117854586514,0.1,0.0356402580048542,59.3339884558001
2021-03-05 13:44:33,-15.5517605461433,-5.63227976691148,1,0.993658170251469,0.0817520691222658,0.1,0.1,0.0391288424806939,60.9573889549836
2021-03-05 13:44:18,-10.3431965720664,-2,1,0.915849791787683,0.0883209327445695,0.0933362340797115,0.0855511261910634,0.0639053887558503,58.9313047650786
2021-03-05 13:44:03,-11.8864550088938,-7.82795772736632,1,0.975300554225359,0.0696986530389606,0.0971328140118805,0.0926640501185745,0.0427824786157958,59.0559428072908
2021-03-05 13:43:47,-13.8805619328077,-7.63663342783585,2.53529010511854,0.961595114588289,0.0988990412839873,0.1,0.0878919563259296,0.0286727314777159,58.295709350749
2021-03-05 13:43:32,-11.5475010661077,-5.36850112864762,1,0.95685044270604,0.0741119384775007,0.0790864620208714,0.0794433324680863,0.0478984935584248,59.2551882965028
2021-03-05 13:43:17,-15.4800947908057,-7.75079031560729,1,1.00407655538022,0.0824417458289998,0.0856606021971207,0.094465702824466,0.0534486565138223,63.3173045216645
2021-03-05 13:43:01,-13.0352864809627,-6.04911479409898,1.71317467468792,0.948052649803014,0.0957355510565434,0.0888887859936593,0.0971074137096418,0.0452812924501508,59.1339488371145
2021-03-05 13:42:46,-19.394032347742,-5.64604368105493,1,0.958631384003216,0.0775060062712298,0.0843887454499897,0.086483641251156,0.0522452104585398,60.3083131919089
2021-03-05 13:42:31,-17.2378558998488,-2.72510782422229,1.34201484542439,1.03129707144483,0.0994539166930077,0.0845441741904226,0.0955538014534806,0.0505139338513213,72.9185158282764
2021-03-05 13:42:16,-14.010095286424,-9.07056776374305,2.24262367671012,0.967942986708354,0.072352827291506,0.0891043877597297,0.0926076358080103,0.0393508835936969,57.9308854901703
2021-03-05 13:42:01,-14.4843177797412,-5.88408531494102,1.30508826107858,0.974853482152953,0.0919308660911518,0.0953539629511111,0.0899910095254682,0.0537705433132835,58.807414045953
2021-03-05 13:41:46,-15.7801769232866,-2,3.20961491937527,0.99003090553696,0.0739990705763103,0.0939164561992067,0.0870687359379016,0.046931420132618,60.468497663825
2021-03-05 13:41:31,-8.94309143328083,-6.38291554289736,1,0.915212528689954,0.1,0.073649380315421,0.0935176454972585,0.0397924500583411,59.2882233655787
2021-03-05 13:41:15,-10.4433140573548,-5.48995108358082,2.50312699554153,0.943769265002372,0.0914407717071076,0.0841242285203199,0.0884467905428424,0.063068612949462,59.5365113239635
2021-03-05 13:41:00,-12.0234092908403,-2,3.47136981073436,0.965438470939646,0.093676261003194,0.0825578539362334,0.0892310511839728,0.0514491109772885,60.8407166825997
2021-03-05 13:40:44,-13.3631120714764,-6.5380533324447,1.57377260897455,1.00292210988709,0.0874196628461151,0.082219879967174,0.0851860261569636,0.0508857672107884,66.0977987473961
2021-03-05 13:40:28,-15.2473131994783,-8.75599355905322,4.15417327860447,0.993180029469892,0.0798208055284816,0.0798247361721632,0.0740125389006352,0.0426843249279901,60.1027254924645
2021-03-05 13:40:13,-14.7105581830276,-7.41639772405072,1.9480788380937,0.958771984375392,0.0848399914360048,0.0993018160201733,0.0930343426512671,0.0373646687416443,59.4676055618856
2021-03-05 13:39:58,-19.9987221427865,-5.1650640562946,1,0.962191917988439,0.0685006565105043,0.0855969413512155,0.1,0.0533806004433792,60.4040809033878
2021-03-05 13:39:43,-14.4461504268354,-3.90079536168443,1,0.954283262974575,0.0987524482559771,0.0876097444032523,0.0922431841952144,0.0609126411026204,58.630958391653
2021-03-05 13:39:28,-23.8753138407418,-10.4588712199003,2.64730498066883,1.05102451277422,0.1,0.1,0.0753592603733551,0.0207928766377164,65.4035519481971
2021-03-05 13:39:12,-17.2696950632272,-9.7897836175352,1.63319485350491,0.919607887252103,0.0983138506179113,0.0990185375629126,0.0722063563173296,0.0613013034707778,67.1057591572073
2021-03-05 13:38:57,-21.9890599860362,-9.37184237732441,1.25571001280519,1.03818848195727,0.0998206657401145,0.0923249370556785,0.0884642603026243,0.044015668674384,63.3467374713584
2021-03-05 13:38:42,-14.7064087729698,-8.35227176972901,1.57083558659002,0.992644396999518,0.0933223323870617,0.0819434718139167,0.0861868732360801,0.041629678479834,61.8830861938394
2021-03-05 13:38:26,-15.1600815870544,-9.84214815230911,3.38996811624345,1.00477285125248,0.0731377505298499,0.0837950716949357,0.073087180302255,0.0486080370661291,63.4510958727394
2021-03-05 13:38:11,-11.83507464655,-9.16226492774783,2.43855789743421,1.00228215387035,0.0905010093445462,0.0717906764128456,0.1,0.0376323587208952,70.8073901549116
2021-03-05 13:37:56,-17.2532362174657,-11.4787674116531,3.67982417320268,0.97462252947766,0.0662237357994844,0.0881990440930444,0.0748379979635215,0.0384984340300523,58.545566710023
2021-03-05 13:37:41,-18.4784621916296,-10.8300920179795,2.73687530412048,1.01317818058987,0.0881889442505415,0.0741277243889785,0.0639054452282105,0.0475542121846649,60.4814631320733
2021-03-05 13:37:25,-20.6898049911338,-2,2.94121970133739,0.965880883331074,0.0624042927489958,0.0927125072538798,0.1,0.0698400563061922,59.0550292788057
2021-03-05 13:37:11,-20.0724200730061,-10.4823219910994,2.69570100958148,0.964040434397904,0.0852040046147027,0.0912904105616597,0.088683284735793,0.0524747795347619,61.9940398802154
2021-03-05 13:36:55,-19.292060548474,-8.36523499645761,4.12547050065865,1.00594740303236,0.0668559965465001,0.0791640050880553,0.0949437223212409,0.0699574973981468,59.0265570570137
2021-03-05 13:36:40,-16.7840487706605,-5.50920788085295,1.39266101123375,0.973279183364218,0.091063552118305,0.0907251449474292,0.0862717787097978,0.032484662980146,57.8064521591801
2021-03-05 13:36:24,-13.0674930847216,-2,1,0.968133987545547,0.0859538911088191,0.0764568603100918,0.0904491458992248,0.0529565098306049,59.7744275582462
2021-03-05 13:36:09,-14.0389130640154,-7.98101725450411,1,0.96102521466023,0.0870328882281117,0.0880718656836087,0.1,0.0441474843242297,59.5086366171
2021-03-05 13:35:54,-17.2696937825841,-2,2.42677030939616,1.05222247740234,0.0764366309704515,0.0857240084621804,0.0916901834266449,0.0453931519275534,80.3056891234002
2021-03-05 13:35:38,-21.0878381962425,-8.34340459275743,2.13060141181437,0.985715858966264,0.1,0.0907739233463718,0.0996108983532335,0.0440921188923707,57.8590822316864
2021-03-05 13:35:23,-13.7779819654239,-16.4107464290745,4.81646197547262,0.982936262654199,0.0916842686829247,0.0870615809408532,0.0997683277342786,0.0420353753496354,61.4078447716322
2021-03-05 13:35:07,-12.4706788338223,-8.10487223684733,4.10259089327218,0.951260926554647,0.1,0.0795878149179308,0.087440125726328,0.033964835685263,58.2518927338715
2021-03-05 13:34:52,-18.8638264478409,-8.0956728569527,3.14039418739367,0.925923811938309,0.0975258339584291,0.0701680733191668,0.0889753951501959,0.05369958891253,66.192902257358
2021-03-05 13:34:37,-15.9474120778209,-8.73533367428855,3.76271084993824,1.00153929630203,0.085930516094129,0.0769994031268939,0.1,0.0437371347595789,61.7944527075801
2021-03-05 13:34:22,-17.5928856548191,-14.5852420565227,2.12187554841575,0.987563788146275,0.0735062374011477,0.0625405629013879,0.0808748140370594,0.0557478859066537,58.5377433621654
2021-03-05 13:34:06,-19.9256579802132,-13.2594910772213,2.19366903848642,0.945243885379301,0.0716755323187523,0.082624196854497,0.1,0.0269513176923114,61.759066078615
2021-03-05 13:33:51,-14.0717650633393,-14.6471268320238,2.93174489316041,0.949450123980794,0.0780825332554554,0.082762729878893,0.0849749358871687,0.028095802431346,59.0524502790616
2021-03-05 13:33:36,-18.8459046120883,-5.14256603717675,1.21478542712329,0.979694552539214,0.0825360700769673,0.0900196121363733,0.09310375785754,0.0354653439420306,57.7267625888138
2021-03-05 13:33:21,-18.4741253591421,-6.049122477615,2.93143878810199,0.996726530570312,0.0700270337684381,0.0845115299255224,0.0939292766847008,0.0648842866239793,56.8009828403073
2021-03-05 13:33:06,-9.82295498632758,-10.7080176973331,2.80431429627883,0.99268005203001,0.0809276029292997,0.0712718096399089,0.0867366225628598,0.0456691411299427,74.9350193807731
2021-03-05 13:32:50,-14.7306727508406,-9.14344946227427,3.42657289591914,0.955919266461284,0.0873391817190566,0.0806978050725771,0.0992203067314281,0.0576904213059459,58.772269048745
2021-03-05 13:32:34,-17.2559075219287,-9.21879739561747,4.35976540091995,0.936740101894969,0.0806179739777384,0.0777865071271398,0.0897670256402884,0.0421130851512021,62.2564649169811
2021-03-05 13:32:19,-5.23451726462542,-10.5537749745323,4.23027866839956,0.938806226036708,0.0878130509178094,0.0876944815113917,0.0828424015241847,0.0459223808121583,72.4535384109574
2021-03-05 13:32:03,-16.0101431697773,-12.2180057120914,3.17848879221941,0.971825453176955,0.0658223588433961,0.0972164051081045,0.0780930675796879,0.0340168952706823,58.255878340787
2021-03-05 13:31:49,-12.8930905966031,-12.3537687295829,2.52592717547165,0.957143935146901,0.0775206313735976,0.063631299042217,0.0817317031883391,0.0496276614725044,58.2224383552313
2021-03-05 13:31:34,-15.1747476350183,-5.6146686094918,1.59072851462718,0.906153856112186,0.0768925149528097,0.0859766090065755,0.0910696726776649,0.0385437794831976,65.3023209038383
2021-03-05 13:31:18,-15.6934657050276,-11.0803507505458,2.74583187096988,0.978139245471442,0.0816556824970595,0.0744447771822801,0.0974459949582215,0.0519850420002984,58.2033242845169
2021-03-05 13:31:03,-11.0057243637731,-9.80453819574992,4.21410901625585,0.892910199703312,0.0926464180406497,0.0848690727992515,0.0852365574303715,0.0557822569213545,61.4911473357123
2021-03-05 13:30:47,-12.0598454670411,-10.544599857033,4.09461162401943,0.872259437724094,0.0658076371695517,0.0711262477257718,0.1,0.044408552641783,62.4168156929948
2021-03-05 13:30:32,-17.1378271024884,-12.4210481923347,4.11807922921898,0.911660249657593,0.0950678437696617,0.0958840772384027,0.0864347617696022,0.0460059260621672,64.9414241848386
2021-03-05 13:30:16,-12.6571217854476,-10.6566782736481,3.47409557581661,0.898864351796091,0.0725385008097499,0.0462007333042003,0.0779530457248606,0.0460603743733961,63.5256340173614
2021-03-05 13:30:01,-11.8060829315354,-13.6235585891366,2.64649889683149,0.908893382689735,0.0940895236935227,0.0562639051533726,0.1,0.0186862301083785,62.7927118258603
2021-03-05 13:29:46,-17.5708499105008,-9.63417059045813,2.45420838026614,0.905410643283612,0.0919196491518949,0.0900394791225835,0.0813528959644847,0.0456700680991624,67.3803080081125
2021-03-05 13:29:31,-10.1986824259811,-13.3503793560445,4.40268372569998,0.919952167967436,0.0898098686622303,0.0635188827749145,0.0795385075179625,0.0361899380146554,60.3752767806312
2021-03-05 13:29:16,-17.477220618691,-13.4054774003655,2.48495957989993,0.96009761328593,0.0686150831610002,0.0799718893834503,0.1,0.0342821776123436,60.0701204258326
2021-03-05 13:29:01,-8.55380470696612,-8.48361236711036,1.26041369176884,0.951913054597094,0.0635925067196718,0.0743355602844838,0.0850968586308576,0.0383221962432227,62.2204618805844
2021-03-05 13:28:45,-13.6762840396549,-9.93741561581596,2.785405937805,0.967180305640819,0.1,0.0858715555582318,0.0830819747566958,0.0611725568853675,59.6216949896936
2021-03-05 13:28:29,-9.59508552745633,-10.7484442373891,3.45522532125691,0.999084550380236,0.0796378941805641,0.060716006964428,0.1,0.0451346267655594,78.5006211771375
2021-03-05 13:28:14,-10.5438297920047,-8.58174620991728,3.18431570618641,0.927682471271447,0.0804250008938701,0.0822045660142433,0.086875757852392,0.0370759388112321,59.0900104938272
2021-03-05 13:27:59,-12.2976084330924,-6.85765682735147,5.11459833552502,0.923669591679338,0.0789587666491378,0.0643228655806385,0.078271427605487,0.0493291585965436,61.4133182956663
2021-03-05 13:27:44,-13.9881909660725,-7.63219292428248,2.08655971447598,0.997474620892556,0.0817227168528524,0.0640192979939884,0.0922320291444004,0.0325300991365622,63.1509681653057
2021-03-05 13:27:29,-17.1168777555974,-11.7831550352402,5.73679294384482,0.924267757629129,0.0959487958070384,0.0733835798167439,0.0858823286264452,0.0165543008647071,63.5647187481387
2021-03-05 13:27:15,-6.24751164781709,-6.30248894988441,3.02554595886922,0.907587317935167,0.0867137440469563,0.0699679447267301,0.0852036585884166,0.0404359829963793,59.2556350293532
2021-03-05 13:27:00,-14.7141181658205,-14.2011253675053,2.47613705834894,0.883743944182014,0.0940506891841683,0.0739689888255675,0.0801815593979353,0.049019284003484,66.7798722637685
2021-03-05 13:26:44,-13.6159373389077,-9.2619654230847,5.3469675649673,0.925892482159771,0.1,0.0887077305331087,0.0709635737463627,0.0398810264222837,60.9309130409987
2021-03-05 13:26:29,-15.4612011746439,-11.0271473302251,1.87772285415535,0.964571555218139,0.0814465687196946,0.0788138817396822,0.0980714421458841,0.0461022601540675,57.8697545386075
2021-03-05 13:26:14,-10.0974005084564,-7.47707712364666,1,0.896291894343003,0.1,0.083102935770963,0.0832797356275771,0.0419019514369158,61.3609429075754
2021-03-05 13:25:59,-7.27274645859969,-12.2786425712676,3.93749059025141,0.889265806784302,0.0769469784182604,0.0602535501661257,0.0759663410352043,0.0439586996945146,59.3209905961958
2021-03-05 13:25:44,-12.9301502782873,-12.0077717302925,3.98412717902623,0.929280156678187,0.0881358721531886,0.0875654274410083,0.0917105625234809,0.0456177740601571,60.257599899773
2021-03-05 13:25:29,-5.10145657437455,-12.1917367079345,3.77858253562482,0.904531703492821,0.1,0.0701129275794031,0.0836691164619896,0.0601780222196939,62.770217314597
2021-03-05 13:25:13,-11.3496701736382,-11.1425863659177,6.34134981772717,0.821135946812733,0.089777007247133,0.0594133161891306,0.0820057376458598,0.0046885354245445,64.0163791752556
2021-03-05 13:24:58,-7.3637789475918,-15.2413244900997,4.74571736705795,0.967848454862893,0.1,0.0647292318875653,0.0995851984934341,0.0411616258824088,74.6116226688479
2021-03-05 13:24:42,-18.3460005342533,-8.44099124286734,3.79249654797795,0.89929081936089,0.0636400549859024,0.0709501000787483,0.0730314781975197,0.0456285543000953,66.9745764616959
2021-03-05 13:24:27,-5.23295740996726,-7.20999726121789,2.18115713381275,0.833309761478591,0.0950098369926271,0.0665818584551553,0.1,0.0499911151515168,61.641214072097
2021-03-05 13:24:12,-11.7515505734818,-6.82861752558287,4.58596569495085,0.818081228617172,0.1,0.0922980270447575,0.1,0.00906914348564776,62.3243804996957
2021-03-05 13:23:57,-2,-13.253048318841,3.321361449707,0.939491510425628,0.1,0.0768103743588344,0.089487527378094,0.034828401104202,126.297773685933
2021-03-05 13:23:42,-9.10484178055053,-12.1024303728003,3.74622139444699,0.87158104050299,0.0827128145418115,0.0763460373960499,0.0758256810035186,0.0333726862597547,60.264703306201
2021-03-05 13:23:26,-11.3383184946397,-12.2689139528312,3.32588367311369,0.932054602432703,0.1,0.0671642334550899,0.0957655051189357,0.0411160380920553,60.2139806166995
2021-03-05 13:23:11,-11.2905377584051,-2.91712822578059,3.71764471539268,0.907940407758446,0.0970777968510221,0.0601299726938953,0.1,0.0334391667124408,62.1605776227785
2021-03-05 13:22:56,-13.6526835257076,-12.9238518180177,3.37548568436822,0.927867998860898,0.0842769940111457,0.0871337000207291,0.0923188925068184,0.0501311490410624,61.1227409390078
2021-03-05 13:22:40,-10.8312785332729,-9.33483882843193,5.33397227412893,0.923006840528541,0.0999220863141436,0.0880846832907251,0.0810646406657812,0.0656188648321921,59.6579230572922
2021-03-05 13:22:24,-10.4670192830392,-5.11328305778275,3.78844829517862,0.809858933635132,0.0793130549035359,0.0926354301716442,0.0839379023626761,0.0389074707619794,60.9525066956032
2021-03-05 13:22:09,-10.0645584673558,-6.73754161665048,7.3175098378614,0.886114916711403,0.0850860955782924,0.0755886366170248,0.0762377824903061,0.0391109287802504,58.641887351531
2021-03-05 13:21:54,-12.4367248796275,-15.7107048132449,4.62139572391781,0.949281322967554,0.1,0.080154171548286,0.1,0.023087874047462,58.3472889158122
2021-03-05 13:21:39,-16.1176602042972,-9.34002830419171,1,0.922601310622426,0.0988403786580592,0.0956913443023986,0.0530760468376687,0.033391081909654,66.3502472278023
2021-03-05 13:21:24,-6.60051398612156,-16.0820018918959,3.67684581924133,0.946250018875065,0.0978749846502476,0.061752148299018,0.0701088716546691,0.0565781021242684,67.8417766436063
2021-03-05 13:21:08,-10.3151942028635,-7.40794469724839,8.05444478148499,0.870199723082218,0.0906490703617319,0.0813145139922016,0.1,0.0402180222976099,61.8419020806123
2021-03-05 13:20:51,-7.23027352485358,-12.6278097485023,2.01459166494401,0.8,0.1,0.082505509105711,0.0760187618540917,0.0639518401667508,58.3566386450728
2021-03-05 13:20:36,-8.8066247641419,-9.27222472234643,2.79958374023267,0.871964189357138,0.1,0.0768285615545104,0.0797989010274902,0.0202946255392271,59.4115597915197
2021-03-05 13:20:21,-5.2131930960271,-14.145366794284,2.0399861618652,0.8,0.1,0.077208680850574,0.0806828080052406,0.0512846528347127,60.950722910733
2021-03-05 13:20:05,-7.20361144536715,-8.24065582029695,4.65247977387191,0.827233600908145,0.1,0.0964254344498723,0.0857388129185624,0.014395095247169,59.2108154825903
2021-03-05 13:19:50,-8.93441203880681,-20.8462702798917,5.90966983143864,1.00433262270033,0.0976100063779581,0.1,0.0846825801397477,0.0372312643349809,86.2377930242614
2021-03-05 13:19:35,-18.4914739885976,-21.4258805407088,3.25373032286103,0.854036769784636,0.0684584430708681,0.1,0.0829708229507771,0.0529937808465859,70.0983717361619
2021-03-05 13:19:19,-9.91760798702274,-12.3701251552333,7.28642636663842,0.96528928051045,0.06396970161335,0.0741896209365943,0.0730476440192666,0.0511426535278735,63.3778910025056
2021-03-05 13:19:04,-6.33256974486329,-20.2009941993201,6.03123580388745,0.950206574090822,0.0884904450062566,0.0437950251830887,0.0491636541137047,0.00808587932343241,70.9509297495374
2021-03-05 13:18:49,-8.28522424500643,-19.9020222182311,7.44611331876068,0.8,0.0512952279522986,0.0917199231779975,0.0727895533348123,0.0499210642214091,61.8131549239343
2021-03-05 13:18:34,-11.2525564282549,-14.006430628811,1.55055732168637,0.946402397912103,0.0987025795296161,0.0757334830912608,0.0894823150349129,0.042895741857321,59.0500403181449
2021-03-05 13:18:19,-6.71633650803012,-14.310206348485,4.61800392496853,0.803298679568252,0.0939690564038452,0.0577953433074315,0.0688227934847419,0.0956992395213166,59.392010217035
2021-03-05 13:18:04,-8.06107033883376,-11.0318207624353,9.25129564590388,0.820964861196593,0.1,0.1,0.1,0.0412078716007635,59.8407282565737
2021-03-05 13:17:49,-2.40608241025879,-16.0085423863959,1.99798058543998,0.941961018628151,0.0895802034854281,0.0668291158829503,0.0645001217724689,0.048621811228419,113.919466412109
2021-03-05 13:17:33,-4.19532846221431,-8.2583182554086,4.92093223372384,0.8,0.0838837063485706,0.0526192866646669,0.0708648286507965,0.1,66.6660839677975
2021-03-05 13:17:18,-9.68816273904866,-10.2913632690208,1,0.876933524382769,0.0656215169459449,0.0557265197723308,0.0700031309744081,0.0395898124919359,60.1849738601244
2021-03-05 13:17:03,-11.6156292425165,-20.0476394962241,4.71383599410792,0.929299000107198,0.1,0.0840313857744269,0.0882023025612006,0.0231919048277443,59.8150026321474
2021-03-05 13:16:47,-2,-12.641694251605,4.5666384052613,0.97295098433855,0.0683683518152426,0.0235259046464138,0.1,0.0164286137059007,140.119029653363
2021-03-05 13:16:32,-12.591043857658,-14.7491649968835,7.47693883971863,0.996453837110768,0.0870314177542735,0.0721166991333613,0.1,0.0679066371496119,66.1771724537548
2021-03-05 13:16:17,-17.9954032942351,-21.0050449981877,5.79600466127607,0.871927550826266,0.0874916986057804,0.085352384605809,0.0802302034678,0.0176006473997888,71.3443238314846
2021-03-05 13:16:01,-3.23553794430365,-2,2.2854071720165,0.945151607165884,0.0803091535402088,0.0607896110412706,0.0971502159861429,0.0660856377036975,106.224165666821
2021-03-05 13:15:46,-7.07279288314325,-2,4.07051264540787,0.999769102565889,0.1,0.0351943310684864,0.0738613851685376,0.0433851349068257,99.8667077905126
2021-03-05 13:15:31,-15.9219468415663,-13.6404392484757,4.74220572435577,0.89944486792749,0.0728085302430566,0.0351419988383575,0.0818237562433579,0.0722936324540553,68.8113561142525
2021-03-05 13:15:16,-2,-7.20244109788625,3.04790538593807,0.8699729447567,0.0494530028068534,0.0710166058654553,0.0667044805761659,0.0541185639228965,97.6508307472461
2021-03-05 13:15:01,-2,-16.0987656125869,1.01795733254337,0.966988923811242,0.0960515666512596,0.0655821750409438,0.0432926424275074,0.0179280102580366,137.509587783219
2021-03-05 13:14:45,-13.5518198802919,-17.7891959329005,2.54482754324498,0.84111566031155,0.0745705328505371,0.0904469645603538,0.1,0.0135746932883042,68.042012557412
2021-03-05 13:14:30,-2,-27.6395632614151,3.35236338531664,0.860154777441289,0.0800507793954344,0.0920025878265245,0.0721193974001031,0.0187125954662197,91.842550471084
2021-03-05 13:14:14,-11.1225955656167,-15.0163873052031,1,0.854996620380672,0.0901456364055891,0.070034590988784,0.06090872884809,0.0396682912506901,62.470360189004
2021-03-05 13:13:59,-5.78076719912389,-15.3793244312341,2.89509694913938,0.884494719900503,0.0794829235001718,0.076310921737861,0.0999936648404972,0.0515000057806447,59.5146753846423
2021-03-05 13:13:44,-11.2730329080759,-18.6869436951813,5.44272755003825,0.907529975614029,0.0926608422125151,0.0671780533683528,0.0730338295451655,0.0163291322915995,61.7742487020137
2021-03-05 13:13:29,-12.2328812654961,-17.3870580115423,4.96106860763629,0.913562770551088,0.0560520073619563,0.0731759830622878,0.081798291132532,0.0153312759476762,62.7091496893713
2021-03-05 13:13:14,-9.34696291469825,-37.2602503126508,7.15091182103181,0.890459373718676,0.1,0.0436609043570698,0.076780635563911,0.0419719852290844,65.1135863133346
2021-03-05 13:12:59,-20.662990795866,-16.039112202194,7.10751229396878,0.918942225173044,0.0698948032469069,0.023834081517118,0.0814563392106897,0.0841153426252777,66.3988661327521
2021-03-05 13:12:43,-8.26559368340108,-13.9767299136917,1.33720975053209,0.993165854233441,0.0508192131048189,0.0677484029232955,0.0458100935763874,0.000820348388294955,78.4072915042477
2021-03-05 13:12:28,-9.44995546801508,-13.8595692045731,1,0.845805392917215,0.0767172253262076,0.0837194100721816,0.064040731133266,0.0614549095866741,61.7882977242772
2021-03-05 13:12:13,-19.7473763380555,-4.78622035083904,6.12141619337562,0.8,0.0610827865599963,0.0623483797253523,0.0547355630414635,0.054458325164777,67.8077845140213
2021-03-05 13:11:58,-2,-21.833792508129,7.62831443851403,0.807922648107381,0.1,0.0857551945082539,0.0963446606982231,0.0827796130012509,100.944064760822
2021-03-05 13:11:43,-14.7427117309144,-20.7474218271674,5.49957606311273,1.07753027476898,0.0836842876478857,0.0508415497905154,0.0634089840214436,0.0811642291868364,98.7730663468738
2021-03-05 13:11:28,-4.14173967138216,-17.8554296903085,8.18590654505626,0.950648158958852,0.0669303940223575,0.0824024141346733,0.0964420616485451,0.0667561554685768,88.6202739913411
2021-03-05 13:11:14,-8.52831509420203,-16.0670254263263,6.10560717044759,0.948381029612163,0.0764082678415905,0.0800494116038487,0.0895150515087576,0.0252723333603535,61.0917594271313
2021-03-05 13:10:58,-2,-9.92357694801638,1,0.8,0.0615772177449174,0.0759251336071181,0.0913756955525544,0.0452402803197239,95.7642101123886
2021-03-05 13:10:42,-4.43173529047361,-24.4650110574662,4.22890068706327,0.8,0.0431611160114424,0.0224804248217168,0.0689926771346257,0.0231064230310323,66.2244508971412
2021-03-05 13:10:27,-2,-10.3560692977546,4.11024945419007,0.894701675835365,0.0909144683733785,0.0455820228162717,0.063264226199603,0.0497930853278068,101.914469692772
2021-03-05 13:10:12,-11.7447754779575,-14.3169775602379,1.86137449957742,0.896457188669418,0.1,0.085000589940978,0.0703058908763398,0.0506604466053357,63.8967231872833
2021-03-05 13:09:57,-6.74329645656119,-23.3215962678921,1,0.8,0.0586106206852137,0.1,0.0781411517110309,0.0597004061007966,62.3751080144393
2021-03-05 13:09:41,-6.85374331126563,-11.9902929523623,1.70029117157921,0.889451530519522,0.0764356319522552,0.0597682339299941,0.0836667085624142,0.0737355454885806,57.6080467260865
2021-03-05 13:09:26,-14.6679217912832,-17.4343801618601,7.72692721708997,0.8,0.1,0.0599246384108745,0.1,0.0559765947320819,67.7711302567785
2021-03-05 13:09:11,-7.95021225227951,-7.55116805826451,4.18397647198965,0.859061791602951,0.0719069084683304,0.0755748183587331,0.0711148501099182,0.1,59.4777203201273
2021-03-05 13:08:56,-21.4037413167331,-20.7557475334535,2.83319715200773,0.863011298534388,0.0997143412018634,0.0558600760886552,0.0393451275542882,0.085013416618322,70.7294714512793
2021-03-05 13:08:40,-8.25243018816761,-6.72632965959429,6.23291408837056,0.8,0.0654097350923748,0.1,0.0716250740199091,0.0507235893111606,58.3791225658172
2021-03-05 13:08:25,-25.0807329910898,-6.20980848348099,4.99719939696761,0.886428351365814,0.0538080727462432,0.0867466252260278,0.0578624593192202,0.0443793956111784,73.2461572416827
2021-03-05 13:08:10,-2,-4.71192106529074,8.22506658124499,0.8,0.1,0.0671964974395991,0.0968310626660535,0.0665211909186816,106.344074732895
2021-03-05 13:07:54,-6.09248028019783,-3.15623199458246,2.54301577922099,0.839310284333761,0.0996515315903129,0.0608365205012765,0.0409903237727702,0.1,59.2221743382024
2021-03-05 13:07:39,-9.21184788313909,-18.6230299757541,3.65373138078479,0.8,0.0414637987337348,0.1,0.0663119643636917,0.0955112662335813,61.8942526545755
2021-03-05 13:07:24,-2,-14.4958589548892,2.45266277883025,0.825675879982131,0.0860820859878728,0.1,0.1,0.0444671729924925,100.884603085398
2021-03-05 13:07:09,-2,-23.1849237567686,8.43131117282871,0.8,0.0554615210919084,0.0633952128556394,0.0960748261796178,0.0761430070601063,95.3906375506224
2021-03-05 13:06:53,-3.05697481908414,-5.05020331054443,1,0.912648469286298,0.1,0.1,0.0639030264360302,0.046916532333608,87.4921788424059
2021-03-05 13:06:37,-12.5687888813248,-8.4188268824667,1,0.8,0.1,0.1,0.0834170771999374,0.0492614078781591,64.3477471146297
2021-03-05 13:06:22,-8.76345061882182,-3.10244572485786,1,0.8,0.0509560511912292,0.0400094021417103,0.0810591880546518,0.0449526476835973,58.8267465288229
2021-03-05 13:06:07,-2.01836385367693,-2,5.19608072874545,0.910007942573949,0.0791586585666379,0.1,0.0768490905913321,0.0833770692657218,107.198691609107
2021-03-05 13:05:52,-29.6766916175339,-20.1934233904614,1,0.8,0.0063186210345837,0.1,0.0828299056189204,0.0704682302296652,75.4109561362094
2021-03-05 13:05:36,-8.71847463313256,-8.14380654070357,1,0.8,0.0649474446286146,0.1,0.0767378825556813,0.0881129888499908,58.0845170868049
2021-03-05 13:05:21,-3.66722591970531,-20.4124324384461,1,0.903157561080124,0.0610705277286678,0.1,0.0876667699902285,0.1,71.6083263240565
2021-03-05 13:05:06,-2,-10.3741896431357,7.82706209382641,0.8,0.1,0.0774756674850158,0.1,0.0974118536665023,103.27101249223
2021-03-05 13:04:50,-25.7144990693695,-30.4929559660003,4.26536427520914,0.920471458617483,0.0688718391646279,0.0673572910336101,0.1,0.0588803154959812,70.7807545420508
2021-03-05 13:04:35,-13.7337141397109,-4.95419564763588,1,0.8,0.0604034148987517,0.1,0.0902242718009088,0.0546302877798323,64.9922241740057
2021-03-05 13:04:20,-2,-37.3554933023655,4.34958993869732,0.8,0.1,0.0662027255227473,0.0346438797640004,0.0594588706455211,91.3281845578446
2021-03-05 13:04:05,-14.4038904374375,-12.2613426854481,2.53944026736133,0.8,0.1,0.0887695931225279,0.1,0.06815896984137,66.3371069695719
2021-03-05 13:03:50,-19.6602073668971,-2,1,0.831498503174325,0.0539957140453834,0.1,0.079704694340977,0.012425839860812,71.2206359390377
2021-03-05 13:03:35,-2,-4.18751448476511,8.80006903798966,0.8,0.0930840667813201,0.1,0.0678730695514841,0.087780035224902,107.459890858083
2021-03-05 13:03:19,-3.37989401654565,-2,5.82854859982773,0.962937631002235,0.1,0.1,0.1,0.039731078170002,119.136086552727
2021-03-05 13:03:04,-2,-7.47634136685694,8.72240081080322,0.845102468048234,0.0635163050617644,0.0938713193181064,0.00874951772345774,0.0425189885255873,109.416983342096
2021-03-05 13:02:49,-11.561928049703,-2,6.81622373589855,0.991277525706339,0.0856335233489396,0.0905543730275216,0.088035999596294,0.0626645252694533,69.1119107362073
2021-03-05 13:02:34,-4.46277963143964,-18.3345866512997,1,0.828645704758413,0.0652048689793311,0.0915246088398377,0.0745097534454846,0.0816976410186462,65.2498599267161
2021-03-05 13:02:18,-35.9533663731366,-2.98888495362006,7.41320973950097,0.8,0.051720737848515,0.0910815094786347,0.0218947509242887,0.0316043336086754,71.0536999250662
2021-03-05 13:02:03,-5.31245930015572,-9.37324030363367,1,0.8,0.094098127563149,0.1,0.0853160259810471,0.1,61.2635475552664
2021-03-05 13:01:48,-34.5546582771576,-17.7016555382046,6.52519631774635,0.910304314725402,0.0553411262883071,0.1,0.0587064980969503,0.00612049094534106,74.9258774416455
2021-03-05 13:01:32,-8.14577612715316,-18.1205999875952,6.97338295049568,0.924013497693419,0.1,0.1,0.0866570706601292,0.0332586780156304,60.0744305331859
2021-03-05 13:01:17,-13.0373178136365,-16.9929943266466,2.5683821403504,0.8,0.0844599395162359,0.0789434974642319,0.0323070334240678,0.0989182597785225,64.8758512149719
2021-03-05 13:01:02,-15.3058299613178,-19.2618542466465,3.72482549568086,0.8,0.1,0.1,1e-05,0.1,64.3328889388406
2021-03-05 13:00:46,-6.13850005330332,-28.2792796395,11.9663601187937,1.00312512227971,0.0712273878915363,0.0883858984362892,1e-05,0.1,128.30936635764
2021-03-05 13:00:31,-2,-2,3.91833661901713,0.8,0.0547399232434315,0.0447950302109068,0.0321999990442639,0.1,100.863421350932
2021-03-05 13:00:17,-20.0780610536058,-2,1,0.914955628540054,0.0628149361472728,0.0245427700421596,1e-05,0.0156358366661226,65.7461018995822
2021-03-05 13:00:01,-15.9616797263158,-23.2648757331878,6.07971210111973,0.8,0.0808347193445449,0.1,1e-05,0.0609166658331989,64.987277069953
2021-03-05 12:59:46,-2,-26.2750258131014,8.54493971678824,1.04858980975557,0.0965283881415969,0.1,1e-05,0.1,200.091108548412
2021-03-05 12:59:31,-3.94004547644095,-12.0161156518896,4.84841679747957,0.8,0.0899824868565813,0.0760998874150051,0.0813316309214731,0.1,70.0285767720263
2021-03-05 12:59:15,-2,-23.6181845315918,3.3821416932056,0.896116865808959,0.0316398816379396,0.1,0.0109804188097673,0.0590909748087849,99.2634255521806
2021-03-05 12:59:01,-26.5523248140791,-13.5927435508555,6.79922272064914,0.856718000836171,0.0592415920603218,0.1,0.0305952533305505,0.1,72.5300709398724
2021-03-05 12:58:46,-10.0599955830049,-19.3498561443402,1,0.8,0.0194595438441506,0.1,0.00775648916170553,0.0321013248530593,61.7139322717285
2021-03-05 12:58:30,-30.5868000079555,-7.38393379732447,4.71194063734128,0.870267930036808,0.0596741590494779,0.0264343637656988,0.1,0.0899088561672241,75.7288746594404
2021-03-05 12:58:15,-11.7255063699345,-2,3.94472441543459,0.8,0.0846004969002151,0.1,0.00468809318709101,0.0894103491499685,59.826296180713
2021-03-05 12:58:00,-30.5637551249524,-26.6394181917213,1,0.836022966895193,0.0261033205039635,0.1,0.0720938970533905,0.0999796326648775,77.8856792579758
2021-03-05 12:57:45,-38.261110819489,-2,6.07344151554917,0.824264387302256,0.0410548019074728,0.1,0.0525155122700538,0.0779472753207696,75.5944522997392
2021-03-05 12:57:30,-38.3081445319848,-6.65113444806888,6.80784694422733,0.807698991038123,0.1,0.1,0.0891772115794719,0.1,73.7799167199304
2021-03-05 12:57:14,-2,-2.58344806055502,1,0.8,0.0893092717251338,0.0338966078317676,0.0901571386327399,0.0557743476201821,105.198391509795
2021-03-05 12:56:59,-2,-2,1.56759830149225,1.02205371171746,1e-04,0.0711966803755642,0.1,0.1,173.033213847899
2021-03-05 12:56:44,-23.234114740807,-7.99630194467861,1,0.8,0.0105317642448569,0.1,0.0865901424157068,0.0924147640890262,67.1713997727519
2021-03-05 12:56:29,-19.5796725800897,-18.4922054327477,5.44914329754663,0.8,0.0985271664507744,0.0262380888032662,0.0391565738416563,0.1,70.891460093167
2021-03-05 12:56:14,-12.6137218600528,-6.11537136076845,1,0.8,0.0393980914096904,0.1,0.0851986303851653,0.0743620405543498,65.0878435021357
2021-03-05 12:55:59,-16.332535566954,-9.0952514221184,10.6446839160219,0.8,0.0498185991996564,0.1,0.00712138638845294,0.0701209354448036,66.3749923692181
2021-03-05 12:55:44,-6.22866832589933,-22.9349489794388,1,1.04938337030199,0.051527395852211,0.0743047624205936,0.0123865076053704,1e-04,121.647971228004
2021-03-05 12:55:29,-40,-2,7.06760551241451,0.940094904358473,0.0371857761762199,0.0688718959522424,1e-05,0.1,67.0648042919081
2021-03-05 12:55:13,-33.8678707945832,-2,1,0.8,0.0336514608876457,0.1,0.0491009229862542,0.0466493380045163,75.0582969152806
2021-03-05 12:54:58,-2,-40,1,1.02479804655405,0.0641912316404218,0.0633411400430379,0.0382092950649864,0.1,141.347225279431
2021-03-05 12:54:42,-40,-25.1090968152661,3.60138694690994,0.857207335085139,0.0228706554493391,0.0878326134712648,0.027464772261876,0.00367571778757474,76.289103019297
2021-03-05 12:54:27,-34.4695428069867,-35.8754448188322,11.170031696162,0.8,0.028328757745754,0.0214169068010257,0.0552258058188538,0.0628905243118822,79.0252518371758
2021-03-05 12:54:12,-11.7773231152848,-3.20244037375033,1.43898804204547,0.8,0.0401298692333911,0.1,0.0713636079601172,0.0986497681214666,63.486277497539
2021-03-05 12:53:56,-40,-10.8459691627276,6.49648862617488,0.800993843221232,0.0609987309869557,0.1,1e-05,0.0496838438848497,75.4716641293711
2021-03-05 12:53:41,-2,-15.9000698679598,10.9999375727311,0.8,0.0100444001530322,0.0286384714195123,0.0368823602803828,0.1,99.8787132627267
2021-03-05 12:53:26,-18.8448146684887,-2,1,0.809536796875093,0.0777006391801099,0.1,0.0215320594910066,0.00842520644629712,67.9704276313691
2021-03-05 12:53:10,-40,-2,1,0.853732652918908,0.00418057258502146,0.074911171879269,1e-05,0.0606125376178618,74.5504588318158
2021-03-05 12:52:55,-2,-20.00426418037,1.15292050548164,1.02841056618952,0.0243117449486878,1e-04,1e-05,0.0637851426409187,169.032858076282
2021-03-05 12:52:40,-19.0897401137253,-2,12.9058114953903,0.833095785009029,0.0245279937750507,0.0341490624600336,0.00917814376379772,0.0857794071046225,69.6114181389551
2021-03-05 12:52:25,-2.41190309841716,-40,5.42594079546128,1.16918610946597,0.0493595918460506,0.0358684705845951,0.0784127315739755,0.0699092397136412,167.626479382488
2021-03-05 12:52:09,-12.118334455903,-17.1446949226612,7.64386993392434,0.917435274691085,0.0444692165670332,0.00690833635908957,0.02213431482675,0.0578350720125538,59.6114078820762
2021-03-05 12:51:54,-30.4001802581178,-18.5168800393774,1,0.8,0.0576883232198803,0.0565351438553614,1e-05,0.0320339173666173,70.0630049873457
2021-03-05 12:51:39,-24.0357297200439,-2,1,1.2,0.1,0.00372023311961946,0.1,0.0353411271060837,145.197900051622
2021-03-05 12:51:24,-12.0641128491167,-23.0237923401103,6.37026674408424,0.879381943785424,0.0259302828878007,0.0636473838980277,0.0391820864278477,0.1,64.0105060744407
2021-03-05 12:51:08,-29.0164198302345,-40,1,0.894346440301055,0.0233746985962821,0.0262631910336351,0.1,0.0455936845558687,75.6652219393011
2021-03-05 12:50:53,-20.8011789401399,-7.0391206862212,10.8493108005559,0.8,0.0972101822857218,0.0827133347429971,0.0192454834205539,0.000573329872589759,69.4634299306779
2021-03-05 12:50:37,-19.5424596857006,-30.4333130819081,1,1.06210232786345,0.0882826252857881,0.0680816244488132,0.1,0.030675422784645,75.5879724230666
2021-03-05 12:50:22,-14.8554224512415,-28.3866999821445,7.99720897889655,0.86138188771899,0.0986453810667246,0.0831441046152377,1e-05,0.0777244097654112,65.2879404432378
2021-03-05 12:50:06,-2.9216677189768,-28.9650255670934,1.0253597379727,0.978555562842242,0.0707064101137381,0.053186669999333,0.0850273041732272,0.0337839936224017,116.834016242931
2021-03-05 12:49:51,-35.5702792244285,-34.2809755571251,1,0.8,0.1,0.0217362183850067,0.0693488901790849,0.0701718192143427,76.9836021649381
2021-03-05 10:24:57,-28.7533556474013,-14.4309665959813,15,0.8,0.0209842220957112,1e-04,0.0229304496912224,0.1,976.620861099565
2021-03-05 10:16:11,-20.4787390190472,-7.03963627819229,2.8359936820295,1.19579154517371,0.0841150064630773,0.0688414091609544,1e-05,0.0916520943171977,976.620861099565
2021-03-05 10:15:57,-23.2059981471227,-40,10.2757665168457,1.2,0.0162952537416442,0.1,0.0114690374819763,0.1,976.620861099565
2021-03-01 15:47:54,-33.5651345749343,-7.71684037820762,6.45247926638327,1.02672105308911,0.00625607073303029,0.0841438432184292,0.0352737214694275,0.0975973158911604,51.08
2021-03-01 15:47:40,-33.5651345749343,-7.71684037820762,6.45247926638327,1.02672105308911,0.00625607073303029,0.0841438432184292,0.0352737214694275,0.0975973158911604,51.08
2021-03-01 15:47:24,-33.5651345749343,-7.71684037820762,6.45247926638327,1.02672105308911,0.00625607073303029,0.0841438432184292,0.0352737214694275,0.0975973158911604,51.08
2021-03-01 15:47:09,-38.072044497836,-8.25014902974521,7.62985151587472,1.03913507445476,0.0107660853634025,0.0767991182444236,0.0351427510178448,0.0962140498308385,52.451
2021-03-01 15:46:53,-37.5046673599362,-7.98863365022434,7.08288857298422,1.01067613200873,0.0010887577485969,0.0868464099875362,1e-05,0.0766358001146189,53.126
2021-03-01 15:46:38,-38.6855943903404,-8.93114602236909,5.52898485215471,1.0107760971648,0.00237393073547235,0.0907112467640077,0.00285529871263413,0.0923772180814847,55.472
2021-03-01 15:46:23,-39.9087982808333,-13.0356763477595,8.20764565332123,1.05629570397757,0.00937423177057582,0.0869608914731346,0.0271186872647563,0.0936553897811947,53.869
2021-03-01 15:46:07,-37.3520890794265,-10.1644649198049,8.9280420292997,1.03092162931288,1e-04,0.0910503966485461,0.0436969519394454,0.0916721792988264,53.294
2021-03-01 15:45:52,-37.3790751721052,-11.5260429484082,7.12326184510726,1.02642625331729,1e-04,0.0874251931017984,0.022530439389081,0.0971259827740436,53.59
2021-03-01 15:45:36,-36.9028735307539,-12.15218783542,7.31294373260585,1.0410028938374,0.00608524492863109,0.1,0.0012487848504818,0.0906812626867972,53.646
2021-03-01 15:45:21,-35.2940476957111,-8.65415908926242,7.36328550702222,1.03260776631277,0.00610793399376506,0.0789738161740405,0.0317428028597703,0.0878425701983311,52.362
2021-03-01 15:45:06,-36.9636401929072,-7.41803756190902,5.12478864885839,1.0256551792746,0.00856288146832601,0.0930562662058831,1e-05,0.0968804394793173,53.735
2021-03-01 15:44:51,-37.0755162925143,-9.32913157678446,5.92828784312044,1.03712241166809,0.00826412686090267,0.1,1e-05,0.0868954111755399,54.98
2021-03-01 15:44:36,-35.4894674306397,-8.39356461200279,7.75868718367937,1.03221495891506,0.00357622573442786,0.085486149019422,0.026024851706938,0.0874352068424891,52.705
2021-03-01 15:44:21,-40,-7.99161934754317,4.19256217827186,1.04654538378143,1e-04,0.0970687104155908,1e-05,0.1,52.676
2021-03-01 15:44:05,-36.2323764628948,-9.26946107301755,6.10631029712026,1.03541280144764,0.00209224344717426,0.090334506861115,0.00714722001259213,0.1,51.16
2021-03-01 15:43:50,-39.8845739791363,-11.1864593072951,6.7719065941916,1.03487160487507,0.000496495454514862,0.0851746679830092,0.0167181906153546,0.0880970233714769,52.391
2021-03-01 15:43:35,-32.6358497587254,-9.62163930394049,5.38045955260498,1.01281388367351,1e-04,0.0997033065039272,1e-05,0.1,53.344
2021-03-01 15:43:20,-39.4527583827815,-3.6600722228354,5.65110968637834,1.0720507365678,0.00726594503714074,0.1,0.010278895268141,0.0894991007558934,58.567
2021-03-01 15:43:05,-36.1652532440356,-11.0888402478806,7.36917283857255,1.04542012635692,0.00576026024306128,0.1,0.0148954020163767,0.0884580628140089,53.022
2021-03-01 15:42:49,-35.8598497389159,-8.25179777910991,7.52622784588948,1.05576040602621,0.006460526779771,0.0998244539417532,0.0395007351173486,0.0963279578945214,54.712
2021-03-01 15:42:33,-34.3821414693426,-11.257985118178,5.96612062810416,1.01414767692028,1e-04,0.0938206479439498,0.0374899949829085,0.0951881802137591,52.562
2021-03-01 15:42:18,-39.2358225572277,-6.78556102055062,7.19370124060898,1.0534919211289,0.00268259833600428,0.094250331049727,0.0264701880551426,0.0982899807514104,53.58
2021-03-01 15:42:03,-35.6442208389727,-2.18078157946706,5.35153032611161,1.04072537795741,0.00253128856674807,0.1,0.00644227051969752,0.1,53.302
2021-03-01 15:41:47,-39.1326155317252,-7.68161499629395,5.67397930226961,1.03526390320528,1e-04,0.0942334972201021,0.0125286364556879,0.0938243769751692,53.385
2021-03-01 15:41:32,-40,-9.73491272903849,5.60679007863168,1.035697818612,0.00565695093219758,0.1,0.0223105808795876,0.1,52.449
2021-03-01 15:41:17,-40,-6.40299294626981,5.32513228779376,1.05905358799979,1e-04,0.0919907667997071,0.0264825934997877,0.1,53.308
2021-03-01 15:41:03,-37.4042562885785,-9.35654621549761,5.16878426590135,1.03242954647603,1e-04,0.1,0.000839885785193548,0.1,51.105
2021-03-01 15:40:47,-36.7163606940305,-7.35092842706668,5.9439416389469,1.02385780018083,0.00433450150625008,0.09587414397288,0.00674890277219878,0.1,51.963
2021-03-01 15:40:32,-38.9703542913999,-8.11207958090526,8.82747134124259,1.03599632421511,0.00775773262415022,0.0952012823960461,0.0343694421260906,0.0847357712073977,53.768
2021-03-01 15:40:16,-38.0561137860456,-10.9253154848576,6.46067632758956,1.04586828160625,1e-04,0.0973441407711237,0.0239428066225443,0.096865895652446,51.331
2021-03-01 15:40:01,-37.6972624815378,-3.98901398393953,8.22044045145917,1.01541814011111,0.00533831253118959,0.0926814398525586,0.0242125962248901,0.0978365873577116,52.661
2021-03-01 15:39:46,-35.7084484301545,-6.81469823017565,7.40265276739033,1.04447468102479,0.002882928478931,0.0843269708445168,0.0328031188021848,0.1,52.529
2021-03-01 15:39:31,-38.1747584115205,-5.87430766140325,8.49234069366742,1.02522795338285,0.00829555035118239,0.0944664077157962,0.0336352866114769,0.1,51.842
2021-03-01 15:39:16,-38.2550328115756,-9.09423981276525,7.68922304479939,1.03747483272145,0.00353899119898215,0.0950076634994091,0.0433397510866186,0.0894808699153078,53.221
2021-03-01 15:39:01,-39.1283292738603,-12.1980251055896,6.36920260116707,1.0557594416272,0.00290502247945913,0.0955889281520199,0.0341687700557786,0.1,52.473
2021-03-01 15:38:45,-40,-6.65744048432534,7.43871355464282,1.03342775105178,0.00670694920315768,0.0906320727008342,0.0588977923522797,0.1,53.265
2021-03-01 15:38:30,-37.4613802396028,-7.55182371893552,6.85559344545958,1.01938361764178,0.00504344599163067,0.0819919885439295,0.0456437053932467,0.1,54.569
2021-03-01 15:38:14,-40,-11.2971357219858,7.31665202802953,1.04245265335087,1e-04,0.0962722123068334,0.0368745608720685,0.1,54.593
2021-03-01 15:37:59,-36.325776615948,-9.52994790359955,8.71160897842817,1.04633663844083,0.00779358274619216,0.0943594632682649,0.0436330378296767,0.0888028894574523,52.834
2021-03-01 15:37:44,-40,-7.44094625207799,4.88389960786611,1.04797713691422,1e-04,0.1,0.0127208051003911,0.1,50.496
2021-03-01 15:37:29,-33.9662323395334,-6.85515219747152,9.00919153031567,1.0244880849238,1e-04,0.094304816514632,0.035686864956706,0.0917702170240676,51.607
2021-03-01 15:37:14,-36.5054138518154,-10.1127184316745,7.25401508119873,1.03140460882421,0.00244624959944044,0.0936910395451167,0.013511808887731,0.1,54.023
2021-03-01 15:36:59,-36.710511044349,-5.47298133577934,7.64789337396136,1.03303166003563,0.00128261512080199,0.0936091108936407,0.0296983796511627,0.0941158526098724,53.196
2021-03-01 15:36:44,-37.0787440583773,-11.0606486763621,7.0069099818154,1.03630244007025,1e-04,0.0865837146620513,0.0398311991399182,0.1,50.666
2021-03-01 15:36:29,-38.3534408970588,-5.52677495137882,8.55812104387228,1.03872276161413,0.0023347372350751,0.0911548467722802,0.0392007686814233,0.0906172568709494,53.196
2021-03-01 15:36:12,-38.3050614428374,-7.40247169035548,7.74602258029754,1.04773594213518,0.00666864734738766,0.0952211601841241,0.0355868965615005,0.0935034262439852,52.205
2021-03-01 15:35:57,-36.0345768615435,-5.68024509789917,10.3417928664539,1.04320305581007,0.00205949143425376,0.090307704974837,0.0293178016783022,0.0887767190787416,53.891
2021-03-01 15:35:42,-39.8880277866523,-4.09874241967091,7.06797290289413,1.06662217983383,0.00143253351123603,0.0929048792322844,0.0356305735593239,0.0987280854797733,55.681
2021-03-01 15:35:27,-36.1734487903937,-8.13904653541636,8.44087864824867,1.0397410389359,0.00790814104817222,0.0951530161283843,0.0308088580216256,0.0958903933102664,53.07
2021-03-01 15:35:11,-34.5039014855439,-8.41296551663219,7.19620871943413,1.01257911502172,0.00253018432316311,0.1,0.0316696808596242,0.0927690851407551,54.054
2021-03-01 15:34:55,-36.7366681542074,-4.82118748163971,8.21338266251358,1.04909132780025,1e-04,0.0980360257317179,0.0253481222031919,0.1,52.92
2021-03-01 15:34:40,-38.8398870297907,-4.72525497250126,6.79680521693902,1.04658947496825,1e-04,0.0981881034818156,0.0280712405242238,0.1,51.027
2021-03-01 15:34:25,-36.5272177018698,-9.12268924366118,7.92136570408561,1.03332855357152,1e-04,0.0957037993602516,0.0328518969760958,0.0960366891171566,53.319
2021-03-01 15:34:10,-32.2845455630636,-7.49064897888718,7.66334215059888,1.04481487569415,0.00123788038073581,0.0843010670378516,0.0436300265235414,0.0846373297836147,55.14
2021-03-01 15:33:54,-37.7491115228462,-7.52873092728107,7.74858135321275,1.04977759996846,0.000338432106704987,0.0890389565581692,0.0346955963802059,0.1,52.281
2021-03-01 15:33:40,-37.2363979346235,-8.78507663395177,6.88651978616381,1.02614238544458,0.00949364055567392,0.0906971674472903,0.0248807816530885,0.0912920895808433,52.815
2021-03-01 15:33:24,-34.0055031875538,-7.66884830559457,8.12451673419572,1.02559566110534,0.00178572985696913,0.0893573795286964,0.0407973563458521,0.0960016000569923,53.621
2021-03-01 15:33:09,-36.9652040237249,-8.83133177701543,8.60366790396615,1.02347613065971,0.00279423128586833,0.0952681125593853,0.0363560332643936,0.0952730563748996,54.23
2021-03-01 15:32:53,-34.4414956985836,-11.108174651816,9.27497129308371,1.01990209514706,1e-04,0.0940715236897708,0.0419938529469313,0.0822335939966602,54.392
2021-03-01 15:32:38,-35.7328248255061,-9.31904030384593,8.70533871603076,1.04449528623838,0.00335657867032044,0.0993537115632954,0.0453128161166478,0.1,53.553
2021-03-01 15:32:22,-36.9599404408142,-9.22376503515925,7.59296425624611,1.03721224390581,0.00183667243857106,0.094051077915876,0.0367777476765449,0.0944087511995904,51.334
2021-03-01 15:32:07,-37.8071063602795,-8.03751187901484,6.93591359716518,1.04041266121323,1e-04,0.0909122348502492,0.0218318970802504,0.0985474568431206,50.2
2021-03-01 15:31:51,-32.1076488278871,-7.85840887693881,7.75399576534885,1.02913006278729,1e-04,0.0932772386154262,0.0329048569720512,0.0868106484210625,53.512
2021-03-01 15:31:36,-36.3441447038139,-10.0025201021723,9.25481025326103,1.05075769254725,0.00218514136243309,0.0914256641598281,0.0608751745701831,0.086551461080971,52.784
2021-03-01 15:31:21,-34.4294726819837,-7.5064641749127,8.76039152001254,1.03888973169695,0.00526625136422952,0.0888262416358287,0.0476685407368239,0.095877205560628,53.872
2021-03-01 15:31:06,-34.091538232705,-9.20075036983665,9.4991617943497,1.02665793768912,0.00451957293900788,0.092821859345289,0.0515634631000581,0.0809714477788468,50.804
2021-03-01 15:30:51,-36.9207250342546,-8.24716983843138,8.91880525857736,1.04017650092041,0.00216872541599926,0.0902754242335891,0.0500146097085701,0.092670172434301,53.259
2021-03-01 15:30:35,-34.8418129170255,-8.49606071123935,8.8364110413643,1.0263468940684,0.00794628365006134,0.0896827316567305,0.051676679820216,0.084495281878866,54.194
2021-03-01 15:30:21,-33.3957930068983,-5.4106711601252,9.39597511409411,1.03460177781232,0.00196417504219968,0.0951758557684757,0.0412752369665541,0.0773986146114321,54.621
2021-03-01 15:30:05,-35.8437795521848,-8.50983517039176,8.4531227578003,1.03886395669874,1e-04,0.0930371665620695,0.0442542553353733,0.0890433151836982,50.918
2021-03-01 15:29:50,-33.2351760112634,-4.70307226369842,9.90736873130483,1.03515097511376,0.00674451934249697,0.0949139503844561,0.0418373228334229,0.0838180016096757,54.644
2021-03-01 15:29:34,-34.7670367489611,-9.36777821700541,10.5851961813135,1.03163489821679,0.00705984683694199,0.0875059965386744,0.0528586572338888,0.0686874909000653,53.824
2021-03-01 15:29:19,-35.6124088661805,-7.79345963098999,9.76345214115602,1.02122494883461,0.00322351741780595,0.0818686753105824,0.0427777672950622,0.0808674006186438,54.285
2021-03-01 15:29:04,-35.4806091115764,-8.88274463842203,10.129740473215,1.03171490194699,0.00237265884543322,0.0864591639035057,0.0566100697495021,0.0844150316809918,52.475
2021-03-01 15:28:49,-34.1525879666915,-8.68258537214405,10.2453151554148,1.03684129863079,0.000149052763186683,0.0879569988345559,0.0464962938753124,0.0894485999124951,52.743
2021-03-01 15:28:33,-36.4257264268449,-7.80133084543685,9.99906915033234,1.05926753027025,0.00926536991223384,0.0724912867086175,0.0527995985161631,0.0861713142984431,55.636
2021-03-01 15:28:18,-34.9916500271664,-5.5262553137847,7.7149223600743,1.04541962179049,1e-04,0.0959621242506058,0.0325646831995966,0.0855911217412041,52.111
2021-03-01 15:28:03,-36.5615319119859,-10.6750038533472,9.99220470159955,1.03218293373855,0.00228748693871748,0.0786748084643799,0.0630971407625548,0.0866800628899703,52.421
2021-03-01 15:27:47,-37.9774767203726,-2,9.21710083857147,1.05132096201583,0.00205865667330376,0.0923507506430776,0.0356216638585319,0.0926164982253657,53.127
2021-03-01 15:27:33,-37.6803359950468,-8.43944504880414,8.75692290861356,1.0220057414692,0.00184180992025587,0.0937610680980561,0.0438993842352644,0.0940222547321687,54.555
2021-03-01 15:27:17,-35.8426434328405,-5.45598781216477,10.5310327707714,1.04682519606618,0.0130891814259287,0.0868334378769829,0.0495641131339911,0.0828407531429726,55.62
2021-03-01 15:27:02,-37.475285204879,-7.82907346591342,9.4550536289978,1.04177452792093,0.00201591512556615,0.0867316418260922,0.0568614578903774,0.0863140461518633,51.221
2021-03-01 15:26:47,-34.3555660358619,-9.46884631768075,10.8794542688591,1.03001714633146,0.00787011939732464,0.0745574584630598,0.0564527282809088,0.0814753335980742,52.538
2021-03-01 15:26:32,-35.1418913594812,-6.58788561692703,8.71058680571137,1.03655722875027,0.00149106089399591,0.0886077476999013,0.0460038462039588,0.0863892537019848,50.831
2021-03-01 15:26:16,-39.314344512321,-6.20706533080556,10.8890528977159,1.04474667155778,0.0100925925252704,0.0793558792861521,0.0472096385543292,0.0904385231762048,51.449
2021-03-01 15:26:00,-36.8051156418324,-12.4125040323952,12.2691936184111,1.05589612153109,0.00926161344262114,0.0815847936902185,0.0593054165483652,0.0822265028877189,53.818
2021-03-01 15:25:45,-32.6094558203091,-7.8577117012754,9.90869494036577,1.03347006819221,0.00161092994947836,0.0770049447549021,0.0457627926737342,0.0766491555316241,52.761
2021-03-01 15:25:29,-33.0417208776075,-8.72088970882679,10.7689654209643,1.03687168130184,0.00713223451293042,0.0799400889198113,0.0556305648965795,0.07606326705909,52.993
2021-03-01 15:25:14,-34.1915161588292,-8.87880729566194,9.45369140131497,1.04800426242124,0.00916405078438928,0.0895494033987387,0.0407223165602313,0.0906303650646724,52.356
2021-03-01 15:24:59,-35.5066710970536,-7.90892218963774,10.8126465211538,1.0296508425636,0.0052497205889835,0.0833813624816355,0.0403499144158697,0.0809554863597681,53.016
2021-03-01 15:24:43,-35.0998853494679,-7.38404899674671,10.9478694063588,1.02587386400813,0.0020872519394026,0.0889877514338558,0.0443270266303772,0.0788742940553133,51.53
2021-03-01 15:24:28,-37.2894391605972,-7.77449979848023,11.2670747483001,1.03520042378359,0.00174754628749044,0.0850344801965056,0.0564570699256277,0.0728190025619367,52.583
2021-03-01 15:24:12,-34.8438146853277,-5.56533924420427,8.83894749322975,1.04815143154935,0.0135576908902961,0.0745680785547031,0.0568201098304717,0.0894650911446754,53.663
2021-03-01 15:23:57,-33.661568043896,-8.81441437785177,9.14345407327342,1.02474340414142,0.000847900456948958,0.0779258043604528,0.0476362607931516,0.0809653781222619,51.578
2021-03-01 15:23:42,-33.7807893825971,-6.82666937867336,10.5036517384524,1.03372740582477,0.00281425045427015,0.086441048484089,0.05775567969419,0.0852187275114481,53.872
2021-03-01 15:23:27,-35.471593350765,-4.71645244742454,10.7163559584892,1.02175818322618,0.000854643395566046,0.0876808052162557,0.0465060152604226,0.0758556807342223,52.9
2021-03-01 15:23:11,-35.3035253379208,-3.86938896061326,9.77958200758972,1.07219087952691,0.0146467169972346,0.0718387933057596,0.0605438600984212,0.0864818857593255,60.337
2021-03-01 15:22:56,-34.6505047768133,-3.9441948814208,10.3869411931708,1.03755939341341,0.0140171729123867,0.0871760300618054,0.0523681910914968,0.0756040967170726,53.855
2021-03-01 15:22:41,-37.0054756931849,-10.9598083163766,11.2756039861023,1.05794731278617,0.0078447510427833,0.0816368592798771,0.0762068327539104,0.0798160035829365,52.527
2021-03-01 15:22:26,-34.0771164665459,-4.54748409205428,10.0168588277229,1.02505556505038,0.0151990834894682,0.0987089241401775,0.0430005359167812,0.0749077453459778,55.609
2021-03-01 15:22:10,-35.038778911874,-6.2818257875304,11.6378405805233,1.04354456317588,0.00715602118197809,0.0914261371619274,0.0546802988647771,0.0842969730015625,51.794
2021-03-01 15:21:55,-33.5292719145935,-6.85728895113153,10.788082044576,1.02792056407031,0.00926809597222525,0.0782519427268012,0.0585849543022835,0.0808619633318252,52.028
2021-03-01 15:21:40,-34.2255313783142,-7.04883138779388,10.2464713049316,1.03759190641347,0.00968299752973673,0.0888038187702946,0.0539984338073233,0.0777296314674524,51.692
2021-03-01 15:21:25,-35.9363103781488,-3.60600141245458,10.4972384743394,1.03247459219305,0.0064148356836586,0.0782207930586575,0.0615939121599396,0.0833228207326796,52.672
2021-03-01 15:21:10,-34.9698488460737,-2,9.01248502919356,1.04875931917056,0.00232793619650168,0.0879822333097331,0.0588617584530953,0.082301832070488,56.382
2021-03-01 15:20:55,-36.1489780505391,-4.39114956699163,9.66682375533721,1.03624360963861,0.0140444768657094,0.0775098648316826,0.0576322339401137,0.0827530274189077,53.98
2021-03-01 15:20:39,-35.6659772995117,-2,9.66374948145899,1.04325138280793,0.0103286072523926,0.0896045358313249,0.0418599375287047,0.0866569728909229,55.656
2021-03-01 15:20:24,-35.4731447503311,-6.57795747431699,9.41804971673672,1.04607667608084,0.00997000057739711,0.0729835422035462,0.0657583118999744,0.0842228674514914,52.939
2021-03-01 15:20:09,-40,-5.66820259149143,9.75621500403543,1.05157507350563,0.0132518691760433,0.0775400217525347,0.0680906814622142,0.0855887118618595,55.229
2021-03-01 15:19:54,-34.908252867172,-6.07165776880574,8.31625881762753,0.988053548479604,0.00450306530935669,0.0822631999883503,0.0423748537823814,0.0806179001789526,58.749
2021-03-01 15:19:39,-36.0962535407034,-5.50882303663449,9.05122528671268,1.0406872683142,0.00429788475160049,0.0873477579920182,0.0497069443674822,0.0900577599835566,53.566
2021-03-01 15:19:24,-36.6980345377379,-6.26632993429403,7.55469242272125,1.01525177351186,0.00249536632108331,0.0863910422454614,0.0435337997518239,0.0982657031643028,56.899
2021-03-01 15:19:08,-35.8415772525291,-3.66565989494686,10.0319191490492,1.02891988386944,0.00768876074719622,0.0873332431912654,0.0392054860643778,0.0894086283320593,55.373
2021-03-01 15:18:53,-33.819765810633,-7.90308929280207,10.3765249885714,1.0109052598784,0.00363057959306392,0.0821510823818915,0.0438952689888937,0.085966816177902,55.487
2021-03-01 15:18:38,-37.4296786506978,-2.97210592417443,9.7088854211147,1.02442772693723,0.00125954110794278,0.0929802669226675,0.0381852514395566,0.0889070371305852,55.975
2021-03-01 15:18:22,-35.9328431903942,-2.62009883987661,8.70098508280427,1.03639499737562,0.0121702489709448,0.0810647119934534,0.0575276964684312,0.0858590347795389,52.566
2021-03-01 15:18:07,-34.441292125066,-5.88214658028199,10.6354629801574,1.04199612865735,0.0111134262635059,0.0749970161198318,0.0580456540634768,0.0807503011259825,52.524
2021-03-01 15:17:51,-36.2227924556407,-7.60312239102431,8.73784561563462,1.04983308458468,0.00378744311048916,0.0930113530343693,0.0461333518371257,0.0943337326063906,53.899
2021-03-01 15:17:36,-33.5619404040382,-4.340251160762,10.7928888662656,1.02486967484908,1e-04,0.0969910921807205,0.0389077233149831,0.0852750277429642,54.412
2021-03-01 15:17:21,-36.7636911846307,-3.18210773936465,8.54474293795599,1.02859540126891,0.00550017304401238,0.0956715151256009,0.0440814107522829,0.0899386792711877,53.917
2021-03-01 15:17:06,-35.4636124755574,-5.50587228488667,10.358464377928,1.04966180527511,0.01661310733616,0.0965806247293009,0.0381068934231333,0.0795959610579035,54.129
2021-03-01 15:16:51,-37.1208678122365,-5.12133502532918,8.37999703643834,1.03780258138312,0.00660871988427438,0.0819019697220701,0.044629424646877,0.0827821298963801,50.677
2021-03-01 15:16:36,-32.6375641755877,-9.25977488929346,9.8369717549658,0.989328631194098,0.0128680610400828,0.085095105008747,0.0541623251533708,0.0855781836126287,55.54
2021-03-01 15:16:20,-34.4293206346768,-8.34277650559886,10.9710250212229,1.02831037076755,0.000256519582734444,0.091779845742918,0.0541395182488323,0.0883745028418399,52.451
2021-03-01 15:16:05,-36.2583952282335,-2,9.47093765404409,1.02644684146419,0.013529981081785,0.1,0.0402717793715871,0.0929635694415831,52.007
2021-03-01 15:15:50,-35.1322330724273,-2.83447947438626,9.81461359028971,1.02707171943238,0.00280130061575576,0.0842159266321887,0.0431277636836209,0.0890023187104964,53.826
2021-03-01 15:15:36,-34.5401371594975,-6.73925450188524,8.00845988194639,1.00304570904611,0.000969843920002052,0.0749204915376574,0.0404463691956603,0.0966579450102784,56.837
2021-03-01 15:15:20,-36.8079211572284,-4.59195563608882,9.02043093924382,1.02639658096593,0.00866752507720098,0.0796715389575194,0.0539099256699877,0.1,54.194
2021-03-01 15:15:05,-36.6888171323609,-7.46407818107592,9.43264722861027,1.01526816137956,0.00685968559263597,0.0851501623361646,0.0575246872557313,0.0995705152722691,54.578
2021-03-01 15:14:48,-36.8605967060549,-9.07639955525917,7.8392928045414,1.06331247165117,0.00306964238283295,0.0802504942520169,0.0598738981870004,0.090820376524599,56.773
2021-03-01 15:14:33,-39.5632083496744,-4.75707321185964,8.88465576148117,1.03157906254755,0.00761458474595962,0.0786335851225751,0.061755347723653,0.0874892058074309,54.003
2021-03-01 15:14:18,-37.5582255569019,-8.09776376187304,12.0964894761341,1.02695971005697,0.00420135870451311,0.085700743783498,0.0438106905015003,0.0840966844572516,54.533
2021-03-01 15:14:03,-36.1568791151296,-5.70505185012565,8.71190568332266,1.037064331448,0.00198846172660608,0.083598279547028,0.0578447021093845,0.0962720070521742,50.718
2021-03-01 15:13:47,-32.846784988408,-5.33010442493811,8.0979730399162,0.997624142149854,0.00234763178759644,0.0868179876920288,0.0452738535273086,0.0972311729399005,53.398
2021-03-01 15:13:32,-40,-5.04408159067876,9.72558695331504,1.01557973416521,0.000450236609662286,0.085621277993678,0.0501952673423945,0.0756725880895706,56.508
2021-03-01 15:13:16,-39.4538503528297,-6.6184998100504,10.1769179764053,1.02580467189708,1e-04,0.0805720445426693,0.0589785484316087,0.0953376553884787,52.225
2021-03-01 15:13:01,-37.7645514555257,-3.40800540919172,9.71948688983108,1.01378954566292,1e-04,0.0785710541137319,0.0285627905873368,0.0863360156757193,52.528
2021-03-01 15:12:46,-35.0539887872649,-6.13564866269818,9.04866345063897,1.01913874357304,0.00938011647849954,0.0848370568017793,0.0500444876000164,0.087462427948583,51.96
2021-03-01 15:12:31,-36.8382737759369,-4.67288430199897,8.88390594332563,1.04080635797798,0.0123690401357717,0.0876812516736164,0.0502986614829414,0.0849147130541712,51.697
2021-03-01 15:12:15,-35.6012032552932,-4.3670197952223,8.52263958198964,1.00978245705416,1e-04,0.0878536968034676,0.0386961374306491,0.0729762797903554,54.207
2021-03-01 15:12:00,-39.5680100057757,-5.45719496297011,9.13738653636673,1.03843494753917,0.00856518454216792,0.0857498013092591,0.0681176202377422,0.0799436413581072,54.376
2021-03-01 15:11:45,-40,-6.26032334379314,8.25607899463864,1.02179643739238,0.00618183724832034,0.0797329818272603,0.0573099564146145,0.078219268627278,53.001
2021-03-01 15:11:30,-38.1059223815577,-2,7.6683991522152,0.998614068916446,0.00145247986818624,0.09560864045844,0.0364590694924996,0.0774722624729331,55.728
2021-03-01 15:11:14,-34.7322997237924,-3.92159351808526,7.84565473025841,1.00607774770451,0.001504268698399,0.0839952050804421,0.0553913670984446,0.0859936329637268,57.285
2021-03-01 15:10:59,-35.2539701814163,-5.76847040314268,9.51977158159246,1.02109437998073,1e-04,0.0816862643836491,0.0436587544734131,0.0984600098552086,50.572
2021-03-01 15:10:44,-37.979932679685,-2,8.28336453841422,1.0485880101909,0.000809563640508566,0.0944225947080496,0.0394193267742721,0.0874838573830799,54.179
2021-03-01 15:10:29,-36.2604811506791,-5.44749789873077,8.32930130379027,1.0377772987883,0.00565606314408713,0.0927600865791493,0.0502482619164365,0.0977925457329248,54.359
2021-03-01 15:10:13,-35.8759888321723,-2,7.56281136485655,1.03312199865887,0.00630892706118117,0.1,0.031836638297894,0.0784951407591614,54.303
2021-03-01 15:09:58,-32.3983113023477,-7.54959634603292,7.55321502890099,1.00386663711293,1e-04,0.0894300776550502,0.0401574314043783,0.0863706244228367,55.028
2021-03-01 15:09:43,-35.140116598295,-4.70869116828023,9.08179766422002,1.02590333840718,0.00335952990028397,0.1,0.0448638215018671,0.0965683718317438,53.624
2021-03-01 15:09:27,-34.6004726085477,-2.1275366655535,7.11288311124502,1.00362320120694,0.0079334553896347,0.1,0.00788440668743644,0.1,55.149
2021-03-01 15:09:12,-30.2439591810031,-2,8.00988422119395,1.01573292023986,1e-04,0.1,0.0292654057543796,0.1,53.94
2021-03-01 15:08:57,-37.8197691469861,-3.2262972317669,9.23381580819722,1.05579633987025,0.00325083828611587,0.0971375379213738,0.0376651426633426,0.0941685844036169,54.076
2021-03-01 15:08:41,-36.6558295101451,-3.87807669202124,7.18788168221133,1.03447813720001,0.00510802905494369,0.0922087975107092,0.0412599886148854,0.0951088667277626,50.728
2021-03-01 15:08:27,-28.0201538680417,-8.27229151650186,10.2505405713537,1.04804894803763,0.00784443811232318,0.0996043391502347,0.0433314148693221,0.0999688323453855,59.676
2021-03-01 15:08:11,-37.8617182988697,-4.71196364453106,8.70772139903658,1.02374551107392,0.00723381360811655,0.0978578362686721,0.0398603258636584,0.0731567387365391,55.445
2021-03-01 15:07:56,-40,-3.067903687581,8.04326439945205,1.08336266871204,0.0146528323153279,0.0902904441385694,0.0683196458329248,0.0958197966153105,57.981
2021-03-01 15:07:41,-37.4911514686668,-3.98760211811991,10.3965520831327,1.04019999877521,0.00376497436088474,0.1,0.0466619203852173,0.0879496863243368,52.671
2021-03-01 15:07:26,-33.456398175915,-3.53108242827213,9.39384911539562,1.02821903917922,0.00527733405084836,0.0958967679725021,0.0317076919391082,0.0843335187417928,53.658
2021-03-01 15:07:10,-31.7581322809424,-3.94341565778469,6.20909254739864,1.02419533083171,0.001465409704156,0.1,0.0374430151221782,0.1,53.106
2021-03-01 15:06:55,-36.3538656781482,-7.07185385945299,9.93749910734355,1.01061453890125,0.00225290572972669,0.0990813458554395,0.0351826317221337,0.0759836327587248,51.608
2021-03-01 15:06:40,-40,-2.12572642047235,8.33043266661342,1.05924703823861,0.0130340382313252,0.1,0.0641130639704026,0.0946514091881641,53.845
2021-03-01 15:06:25,-38.4236104317885,-2,10.3290690177365,1.06032570307759,0.011242467766053,0.0974770639168446,0.0447615192428729,0.0896772235984301,54.61
2021-03-01 15:06:10,-35.5732470677875,-7.18842604634822,8.86583250838273,1.04253412661236,0.00437568807938908,0.0977449232017015,0.052213455542015,0.0769156972232939,53.278
2021-03-01 15:05:54,-34.8892681349844,-6.46041325412866,10.3856825622069,0.998984017766605,1e-04,0.1,0.0461886794726372,0.0831754651046524,54.676
2021-03-01 15:05:39,-37.273170762897,-2,8.46937381802576,1.02463673984153,1e-04,0.098848027797739,0.0451150106142653,0.0894747067071328,52.307
2021-03-01 15:05:24,-34.9361008121079,-3.17009624428355,8.13909572138967,1.03771325512497,0.000620393396666295,0.0972000924294944,0.0318910629996236,0.1,51.327
2021-03-01 15:05:09,-35.8403048361936,-5.36691064647648,8.93274310769142,1.02350506162056,1e-04,0.0946606765888081,0.0584577187508545,0.0885679261772132,54.247
2021-03-01 15:04:53,-35.1975629470844,-2,7.53731230891788,1.03576606605794,0.000144867097949047,0.0895674995287164,0.0474747765883223,0.0959105004852829,54.713
2021-03-01 15:04:38,-38.9916563355061,-3.24237238596326,7.95878870640771,1.05363002451062,0.00383387186356575,0.0889450328182108,0.0657336726859928,0.1,54.366
2021-03-01 15:04:23,-38.9804937688738,-2.00147153599449,7.9930077982961,1.05661096090907,0.0120458044822049,0.0931810013733604,0.0424703979592931,0.0991802947329643,54.711
2021-03-01 15:04:09,-36.1457949913098,-5.24812954106568,10.5547794744908,1.05381209481755,0.00740060157809051,0.0934345799369016,0.0726350572838165,0.079734915534494,56.151
2021-03-01 15:03:54,-35.1438989635175,-4.88016566082204,8.83449997906137,1.00352201387233,0.00714464078475566,0.099222317158897,0.0503051181183479,0.0901224869961502,53.093
2021-03-01 15:03:38,-40,-2,8.86686886990456,1.05282254955774,0.00891360268733458,0.0831943250397864,0.0610555565908609,0.0845588879515254,51.329
2021-03-01 15:03:23,-39.5210991573493,-5.60759591851985,10.9339815992422,1.07316576123318,0.00758086121238336,0.0891977335301079,0.0529212881145336,0.0721587459122024,54.847
2021-03-01 15:03:08,-33.2804053064253,-3.900280676438,9.35711483604986,1.02824779205122,1e-04,0.0993584633819642,0.0382089684166546,0.0951140832830095,51.059
2021-03-01 15:02:52,-34.4453174549952,-3.74738014152084,7.57034410754937,1.04619097191967,0.0116579398730296,0.0862415035850347,0.0436122462252885,0.0884229544695564,54.084
2021-03-01 15:02:37,-39.0889980427726,-2.64480497250669,9.45674700070533,1.05846919886982,1e-04,0.0856399013012254,0.0647124431415731,0.0711953326119185,53.753
2021-03-01 15:02:22,-37.2403042102523,-3.79824455064216,9.5261893459686,1.04449986620624,0.00832226409242397,0.0937183892712686,0.0604373955071017,0.0837888749024332,54.462
2021-03-01 15:02:07,-38.9798024576535,-5.28585968340453,10.0718770460251,1.03678698747374,0.0128577006658679,0.0909990299565476,0.0555022087182305,0.0781558135798583,54.958
2021-03-01 15:01:52,-37.8313567976167,-2,9.17107033047274,1.01648121780324,1e-04,0.0836418306051012,0.0325609079089475,0.0850608980011211,56.548
2021-03-01 15:01:36,-40,-5.1060856507283,9.64200590436501,1.07752683007345,0.00713212657809429,0.0776540731270345,0.0827990563553087,0.0807059909004878,56.078
2021-03-01 15:01:21,-37.2848722783439,-5.23875151139449,11.5768956810987,1.02676540231718,1e-04,0.0794829029975344,0.0564337228357822,0.0821790431814369,52.812
2021-03-01 15:01:06,-39.8492386529828,-11.5712240198352,11.618482924063,1.02891313143329,0.014582734223217,0.0783500345450447,0.0724534684599933,0.0754309708407553,53.154
2021-03-01 15:00:51,-33.901535899477,-2,10.8147156652442,1.02589580683849,0.0114425215717038,0.0771872640229566,0.0642881846999933,0.0769834040125102,53.131
2021-03-01 15:00:36,-40,-5.5953375748939,10.0796002288474,1.04467062312989,0.00583341129365331,0.0797757785635101,0.0495070006428536,0.0789385187097596,53.562
2021-03-01 15:00:21,-40,-4.16592390305114,10.6636768407255,1.04726411959428,0.000772215423685662,0.0892416824925965,0.0661606022387285,0.1,54.254
2021-03-01 15:00:06,-35.1093423111707,-2.77642163745453,8.00046713601869,1.03076990784611,0.0126006060543738,0.0945966695428095,0.0501951716172523,0.0823268272536306,52.561
2021-03-01 14:59:51,-35.3763241358514,-8.91732884034627,13.4182372906022,1.02434205511934,0.00373532861495153,0.0987665675204357,0.0597583751724015,0.06516753318429,53.9
2021-03-01 14:59:36,-40,-5.97881155842387,10.3703049482813,1.01237043125632,0.00905612251633361,0.0886397598593986,0.0631714142047033,0.0814188455325417,56.391
2021-03-01 14:59:20,-37.5167416404448,-10.9277870785335,11.6878647933226,1.05122065991582,1e-04,0.0920305421827643,0.057723943248977,0.0760529247183596,53.065
2021-03-01 14:59:05,-40,-5.77722293907949,10.0755213467773,1.00621291516768,0.00686287295908871,0.0760050657194909,0.0811454326981846,0.0923595021348391,58.154
2021-03-01 14:58:50,-40,-4.32215211905428,8.08107541354799,1.09524296710262,1e-04,0.0880535163819723,0.0876822898398525,0.0710042861923336,62.819
2021-03-01 14:58:34,-40,-8.84927661447165,9.32107293245595,1.01541383369445,0.00405846158438013,0.0897103331738684,0.0603116122657322,0.0788478614284791,53.368
2021-03-01 14:58:19,-35.7610132468239,-6.36908271558009,8.51232208669117,1.07790908041994,1e-04,0.0853305974570886,0.0472222739234681,0.081931249237897,60.986
2021-03-01 14:58:04,-40,-9.59007013571655,13.209334500468,1.02229974478374,0.00801227851548377,0.0916463038715018,0.0791995522677623,0.0771195148860457,55.731
2021-03-01 14:57:49,-40,-9.55031043230335,9.78273782971256,1.00397479996484,1e-04,0.1,0.0709535916304903,0.0764781150284268,56.385
2021-03-01 14:57:34,-40,-8.0239618079268,9.58858192506439,1.05770641456224,0.000358879139158282,0.075322095292452,0.0573832147204874,0.0803099774365415,54.809
2021-03-01 14:57:19,-37.1644056747658,-3.16855235921889,11.1226813443133,1.03658267925777,0.00503101908583872,0.086994281635673,0.047389073517533,0.0794550224869975,54.413
2021-03-01 14:57:04,-40,-9.96923578564636,9.44673616201853,1.12389644063908,0.00149614113102437,0.0764501986224438,0.066037364610504,0.0936049526506888,76.446
2021-03-01 14:56:49,-40,-5.38220576269396,12.4574299072627,1.09262046687069,0.0045384034815021,0.0924358714906963,0.0547297300372785,0.061072181534447,62.567
2021-03-01 14:56:34,-37.9546192401505,-9.45672159486418,9.56702623066495,0.970374440427033,0.00571502794531276,0.0880519001314802,0.0588555850892293,0.0823371399412901,62.639
2021-03-01 14:56:19,-40,-6.70256484357673,5.44684726450057,1.08722542837502,1e-04,0.0686640540219563,0.0853685009370477,0.0864708669929958,59.307
2021-03-01 14:56:03,-34.1566676555776,-7.35277849572802,8.49830252402786,1.0405168159694,0.0190747650338498,0.0737293850632108,0.0807317907311553,0.0669690589786656,53.575
2021-03-01 14:55:48,-39.1790526192526,-3.71105284003148,9.56499839275861,1.04998424312074,0.000605401972267933,0.0823130134247119,0.0451795424628101,0.0802243951428244,52.918
2021-03-01 14:55:33,-38.0751636062678,-8.69721833119462,7.57396815699895,1.07277936318732,0.0022231910862662,0.082105440906894,0.0665321079278489,0.0985813291234267,56.342
2021-03-01 14:55:18,-40,-8.85825770285502,10.5918350901314,1.04750853351282,0.00341196776520313,0.0904466262380013,0.0763185615520666,0.0798278595819965,52.194
2021-03-01 14:55:03,-36.1218853167696,-10.2025643184597,5.16851412292741,1.0246011615556,0.00704472737981284,0.0651571379307195,0.0764418827934877,0.0804588949549207,55.479
2021-03-01 14:54:47,-33.3756236454133,-11.5154036905499,6.57466801551848,1.00202270623017,0.0145980464662645,0.082950188069565,0.0731429570597766,0.0984784947985903,56.034
2021-03-01 14:54:32,-40,-2,5.71714369389225,1.05749571661281,0.00503172138966244,0.0854553590961933,0.0560086074701737,0.0859527069575714,53.819
2021-03-01 14:54:17,-40,-5.38446178716843,7.57916083070812,1.02468363588374,1e-04,0.0964041919037954,0.0510320434925087,0.0867452186297381,53.204
2021-03-01 14:54:02,-33.1243210680465,-9.68623794201743,8.47220561033807,1.04323791435856,0.0026070241626106,0.0824352431432727,0.0633295890900244,0.0708895337390568,54.237
2021-03-01 14:53:47,-34.95963920901,-7.63386694187914,11.0613232803365,1.0608115820366,1e-04,0.0938791173748805,0.0395184961222326,0.0910151523417374,57.102
2021-03-01 14:53:31,-36.4697863995439,-9.0292661190838,10.1936027026245,1.06338498754199,0.00392891013757043,0.0849103689649926,0.0615082024047163,0.0825187248386685,54.757
2021-03-01 14:53:16,-40,-7.65320281241595,8.05906281169496,1.07885184023503,1e-04,0.0899993820340873,0.0592735766515272,0.0762553500642431,57.685
2021-03-01 14:53:01,-36.1500623537104,-5.14653681493939,7.74237000594684,1.02732375558396,0.0123912810037685,0.0911950138391354,0.0614893260100628,0.075889460979771,54.124
2021-03-01 14:52:45,-36.0771897113796,-10.7926792409181,10.5487492646072,1.06767737224544,1e-04,0.0784765235125539,0.0620155972177441,0.0687300581034224,56.368
2021-03-01 14:52:30,-40,-5.23930299393196,7.29502166313654,1.02807163517123,1e-04,0.081611424777729,0.0643194174931315,0.0574633361478942,53.202
2021-03-01 14:52:15,-40,-8.88383569077425,7.9493947104473,1.0550644397696,0.00478954252681702,0.0800656083453217,0.0847791735888407,0.0958855562037692,52.913
2021-03-01 14:52:00,-36.6128050940342,-12.1637131277155,9.1840630633766,1.05835458428093,0.0092835962789691,0.0698587547771118,0.0731090103616485,0.0755526963109306,55.364
2021-03-01 14:51:45,-35.0370586313681,-8.58735464562896,8.5280370174383,1.00963126621454,1e-04,0.0707882662054207,0.0320729647366424,0.06922799304568,54.561
2021-03-01 14:51:29,-33.4601614480438,-4.48096436994641,8.59709122206652,1.00775106461548,1e-04,0.0928336921069476,0.0321645203085394,0.0620313673111866,56.009
2021-03-01 14:51:14,-40,-7.4363911542113,9.51879725033639,1.03325835770891,0.000441361866248103,0.083314267248175,0.0443151428003401,0.0697882630443653,51.25
2021-03-01 14:50:59,-34.615480127562,-7.79957104263546,10.1199872317935,1.0226226203479,1e-04,0.1,0.0282027036189543,0.0753221354315454,51.775
2021-03-01 14:50:44,-35.4622572593452,-6.50568872591022,10.463143591399,0.958709745106203,1e-04,0.0810661263010132,0.0496714490138485,0.0824943553293951,64.687
2021-03-01 14:50:29,-35.2735042148002,-2,8.81957873890408,1.03848798184471,1e-04,0.0814876271170716,0.0116223719034709,0.0731704007828567,53.673
2021-03-01 14:50:13,-27.0589176583503,-7.77030294459195,9.81952799981043,0.961819396462281,1e-04,0.0833373983665656,0.0273783194910885,0.0475690009198092,59.866
2021-03-01 14:49:58,-33.0163323631186,-2,9.13985265816162,1.03751554191573,0.0308583270053086,0.0850074843773436,0.0339963107343726,0.0795057214065702,55.336
2021-03-01 14:49:42,-38.4952820898969,-2,8.25534517544651,1.10194013062332,1e-04,0.0916650050098778,0.0136853669238151,0.0759964979482199,70.402
2021-03-01 14:49:27,-36.93668178338,-6.24188652687119,7.74259623523457,1.03624417760729,1e-04,0.0749684309179833,0.0675958848043596,0.0820451240812122,50.86
2021-03-01 14:49:12,-32.7770260295275,-2,11.4494069680868,1.04946393489551,1e-04,0.0781930245693894,0.042981846096941,0.0586656333866388,54.452
2021-03-01 14:48:57,-33.1954199993868,-2,7.67134708022301,1.00246229422883,1e-04,0.0655827703895092,0.0340462836004297,0.0755630555494022,53.357
2021-03-01 14:48:41,-25.3460938816964,-8.52047918778517,8.67295698708302,1.04081895642887,0.00457567525640205,0.0860524080063514,0.0256480539240076,0.06253874323057,58.553
2021-03-01 14:48:26,-35.5786599427096,-3.42747098988978,8.82007511011254,1.01301317923642,1e-04,0.0847048034176344,0.0596602307043422,0.0955920865424838,53.513
2021-03-01 14:48:11,-28.8832414392742,-8.12355781216682,9.4391795785741,1.06938910643123,1e-04,0.0906420105136962,0.0217583352132031,0.0745621025281283,65.675
2021-03-01 14:47:56,-30.0637456761304,-2,7.13837249568839,0.964221993771335,0.019904457752929,0.0896385425607308,0.0401450240560745,0.0628444688352226,61.753
2021-03-01 14:47:41,-35.1986930212185,-8.93950366718051,11.1373093949816,0.993409808576798,0.0013277500541004,0.0855661128744028,0.0153954913992791,0.0918222060382405,55.202
2021-03-01 14:47:26,-37.654552337235,-2,9.15779528187329,1.01266877001497,1e-04,0.091781405289101,0.0225725712418717,0.0914939675428087,55.912
2021-03-01 14:47:11,-35.205946792785,-8.0107134267969,13.1364202808528,0.97709065454823,1e-04,0.1,0.0277022380699014,0.0640031036466505,56.903
2021-03-01 14:46:55,-36.9318257128282,-2,9.45553865811933,1.03088859791794,1e-04,0.0922967047130139,1e-05,0.0916658512605168,53.061
2021-03-01 14:46:40,-33.0622615776721,-7.7054703218921,11.7058996250256,1.02396162403086,0.00164829441878941,0.1,0.051067010684436,0.0564192185644291,52.695
2021-03-01 14:46:25,-40,-3.66635808821714,6.29307276803753,1.01256117049041,0.00406678182867928,0.0847266553755652,0.0536337158061446,0.0912689525859545,53.747
2021-03-01 14:46:10,-31.9695288710852,-5.63392458940174,10.4047116605839,1.03320162878838,0.00537290599728891,0.0895238810261484,0.0301527742673851,0.0860448491776651,51.562
2021-03-01 14:45:54,-35.8291785549794,-13.013981191018,10.286526146879,1.03328931520367,0.00266497151260626,0.0955557150222422,0.0423848371627949,0.0763597407365394,53.762
2021-03-01 14:45:39,-32.1402892414535,-8.64758555939828,10.00226972012,1.05762588559013,0.0159892742197223,0.0814583874855681,0.0428578838761107,0.0773006651234684,57.841
2021-03-01 14:45:24,-34.0125841607837,-2,8.90942223661302,1.06800360203824,0.000738359109911724,0.0881079626160978,0.0384672939399268,0.0731271136391051,60.911
2021-03-01 14:45:09,-33.5297914921723,-3.39285288338443,10.2590811406652,0.994969052815405,0.00243005470931023,0.0807346625230463,0.0337051361667999,0.0775871203872362,57.232
2021-03-01 14:44:54,-29.4821293316677,-8.30695350127673,12.2952528301853,1.05558368177806,1e-04,0.0730318475790934,0.0382497323925339,0.0801140598302671,56.859
2021-03-01 14:44:39,-39.5462527999709,-10.1816400261574,9.58090320261235,1.06518116905071,0.0108091318866008,0.0685252883828104,0.0404056927392409,0.0725338821049949,53.465
2021-03-01 14:44:24,-36.4043388115445,-3.88365422469331,10.406440000181,1.02543511169823,1e-04,0.1,0.032717831696812,0.0551102424914612,51.937
2021-03-01 14:44:09,-35.831833349347,-6.79169659726144,10.3871006461345,0.962342582750604,1e-04,0.1,0.0117493470237907,0.0592207266692358,60.836
2021-03-01 14:43:54,-36.9385706613006,-3.98459149737892,8.71520537890969,1.02576560491402,1e-04,0.0946941357325595,0.0384344354334848,0.0858613003235743,54.18
2021-03-01 14:43:38,-32.1770883424233,-2,8.96409271396375,0.998420202508319,0.00448290710696349,0.0907094973825563,0.0457280699211193,0.0943573674481422,56.716
2021-03-01 14:43:23,-37.1251003939184,-6.86028825817024,11.1561505674469,1.09038523318948,0.00223168437759366,0.0996912161074889,0.0763196127341874,0.0936619051554301,63.43
2021-03-01 14:43:08,-38.8539513842373,-6.45364929661588,11.3208694548384,1.03520981513397,0.0271846517125947,0.0754579355974703,0.0524220839016221,0.0639510292821772,55.192
2021-03-01 14:42:52,-32.9619047465381,-8.48218910369735,11.1029283499393,0.999704809034926,0.0104951701389451,0.091939573497659,0.0353040857658741,0.0712840762561167,54.13
2021-03-01 14:42:37,-26.5412802017326,-6.46208948703052,9.27262274737276,0.920950585198422,0.00896095277775678,0.0863751295985507,0.0316384196340206,0.041836757507989,62.669
2021-03-01 14:42:22,-34.9005157202241,-12.1771169786622,7.15730583244566,1.08159607794072,0.016385619910252,0.0802890389997346,0.0829571008132986,0.0927045592631529,61.214
2021-03-01 14:42:07,-35.2567502965077,-11.1266721983299,12.8850187002355,0.954154011434506,1e-04,0.0953667490984174,0.0549988827675328,0.087201302154897,61.278
2021-03-01 14:41:51,-33.7669252356512,-2,9.19603937435689,1.05285117415696,0.00303385559344237,0.1,0.0490937217733961,0.1,56.91
2021-03-01 14:41:36,-29.7544143368021,-2.64026372831799,7.36991863838601,1.00941265471642,1e-04,0.1,0.0593943846009036,0.0667419174475001,56.783
2021-03-01 14:41:21,-35.4175341518066,-9.33390515270938,11.6963148160691,1.05554252015717,0.0305075655018967,0.0859308197277455,0.0467043939257429,0.0740686004938306,55.602
2021-03-01 14:41:06,-29.4963257315615,-3.1181972296925,11.3726390521332,1.02702081610475,0.00411322325285521,0.0954156863460253,0.0187924699604539,0.0482589411554164,54.074
2021-03-01 14:40:51,-37.0607615512156,-7.83538531685647,10.1120871225499,1.04834115140963,0.020296136530783,0.0712914912346717,0.0783657399795805,0.0597999618354035,54.726
2021-03-01 14:40:37,-37.8432586983755,-2,9.3070412344637,1.08224528918072,0.00331468993274591,0.0801470477608139,0.0343311351495201,0.071571646008611,60.191
2021-03-01 14:40:21,-22.7509491944021,-6.74752032127278,10.0739417574649,1.03600130506976,0.0129889320645793,0.1,0.044630163975249,0.0742200536783281,61.436
2021-03-01 14:40:06,-29.5640001145463,-12.9647766829167,8.92204126598898,1.03785304104516,0.0119788286929204,0.088695529632586,0.0805655741135133,0.0636858561781914,54.482
2021-03-01 14:39:50,-34.804429208523,-5.76383947545854,8.9637395322687,1.01422425166133,0.014676565162034,0.0876790490693053,0.0607254146740642,0.0686589968766019,52.173
2021-03-01 14:39:35,-40,-3.95421271853331,9.4326813651183,1.0196955128493,0.00872746328004255,0.1,0.0500695651721207,0.0786621028757042,52.063
2021-03-01 14:39:20,-32.2170430368047,-6.63861400447994,7.93608604276186,1.04351941902846,0.00301344291519507,0.093470077883589,0.0321109902373219,0.084365497920259,52.622
2021-03-01 14:39:04,-29.8527587030836,-12.1993720038711,7.579681431659,1.05311514792588,0.0134530742481844,0.0996341576317513,0.0314503516057097,0.0801171918971541,57.004
2021-03-01 14:38:50,-28.9908381989058,-5.5987136574008,9.1240128073726,1.00914681478183,0.00566492351805729,0.0919840459304962,0.0564838974550995,0.0587231119850451,53.514
2021-03-01 14:38:34,-34.8742433202441,-8.99412678950814,9.90314570780865,1.04277576744527,0.0225110663032368,0.0855435227931562,0.0476735712544973,0.0769195207784028,53.005
2021-03-01 14:38:19,-23.2157870647178,-12.0204925635888,9.4542341128237,1.04334706020418,0.00642843758872013,0.0904794154323924,0.0586354520114922,0.0697392313202228,61.953
2021-03-01 14:38:04,-33.8514207528732,-14.6741075167336,11.5510581519677,1.06031322246281,0.0091302819267813,0.0964065017362695,0.0865434009794862,0.0858792370240821,56.034
2021-03-01 14:37:49,-29.4998293447319,-11.495766201435,9.67737969200128,0.951164226906776,1e-04,0.0967885605875762,0.08931113483198,0.0791222533688128,60.901
2021-03-01 14:37:34,-40,-8.17529526861803,10.2414447930897,1.06559457225997,0.0279758042492074,0.0836369055807745,0.0747224044177,0.1,55.088
2021-03-01 14:37:18,-39.7665755929828,-2,7.61020506808859,0.930599277131322,0.0131320722083118,0.0876124904951558,0.0357202862675121,0.0808029133866406,59.136
2021-03-01 14:37:17,-25.8010891779157,-9.74798643756432,8.45588174296086,0.964763187452686,0.0175154775226195,0.1,0.0441610646098777,0.0804454317640396,59.136
2021-03-01 14:37:02,-40,-5.76285164828037,9.03698275297997,1.1335576107401,1e-04,0.0676185874718112,0.0481854129740551,0.0697157326315643,82.437
2021-03-01 14:36:47,-40,-13.7983967735402,11.842237693094,0.966956375366501,0.0197658660854927,0.0986105165375566,0.0693231415121658,0.1,63.403
2021-03-01 14:36:32,-40,-5.48604215703889,13.0796731267692,1.02299467392871,0.0249297351989386,0.0935327995640589,0.0549554180612245,0.0919858422843322,53.2
2021-03-01 14:36:17,-33.3201152071457,-12.603236252942,7.37300349884157,1.00461127670443,0.0171214352745827,0.0915918068088813,0.0738135348774556,0.0617352997213183,54.867
2021-03-01 14:36:01,-37.7541187817165,-21.6771370316891,10.8661717295329,1.13510489751168,1e-04,0.0850759669487508,0.1,0.0465646998233788,81.041
2021-03-01 14:35:46,-33.3664114085021,-20.0376967322797,10.1071802875418,1.02100479358162,0.0241664664317518,0.0643383040132664,0.1,0.072398628955288,55.762
2021-03-01 14:35:31,-33.0983283226961,-22.5122806745588,8.74869426946345,0.984490445751439,0.0115127055061575,0.0789469441346407,0.0909380715360491,0.0620505415263833,61.12
2021-03-01 14:35:16,-40,-20.1035868541799,13.1532939779689,1.03088137821404,0.0208783149979118,0.0614046458190726,0.1,0.0581183394880211,56.329
2021-03-01 14:35:01,-17.3295650324809,-9.32598105779562,7.54295782601404,1.00870423242837,0.0140128961608326,0.1,0.0860000402826517,0.0583129592564764,57.6
2021-03-01 14:34:45,-31.1000810597221,-24.2971210679263,13.8281760002443,0.990770566913397,0.0275794450169433,0.0944828650701766,0.1,0.0627490420247515,58.121
2021-03-01 14:34:30,-30.6730127762551,-11.9361906114069,10.3762524985305,1.06997126191585,0.0453921365322465,0.0892917560534489,0.099093473277643,0.0562219999310252,62.312
2021-03-01 14:34:15,-34.9279413422496,-21.0278885434417,9.50229110973127,1.02182622506034,1e-04,0.078017249280584,0.0853195158481689,0.0467519029183084,55.386
2021-03-01 14:34:00,-37.9893969002544,-27.4008408065417,13.4947162806148,1.06800180385509,0.017803700412002,0.1,0.089962351231369,0.0817971047105668,57.149
2021-03-01 14:33:44,-32.4501233467487,-17.5252557517666,9.69985966894591,1.05382373854388,1e-04,0.0972107998709233,0.0780244328775441,0.0594301623666417,54.241
2021-03-01 14:33:30,-40,-11.8910387601551,11.2890512445832,1.04627066777997,0.0144569639438244,0.0757247374589701,0.1,0.0575930065546814,52.433
2021-03-01 14:33:15,-29.4750882056716,-16.8926159535326,15,1.00219842094679,0.0248936602658125,0.0861325765725901,0.0463191214820531,0.058912436209443,56.555
2021-03-01 14:32:59,-25.3484943994403,-17.0851282588573,9.53202070566091,0.939514803845659,0.0201769960948314,0.1,0.0686225681617169,0.0743268417632311,64.92
2021-03-01 14:32:44,-35.7739051781045,-23.8949497573375,10.4874010718601,1.07120522154668,0.0508296326791734,0.0873027390918214,0.081562979403663,0.0519362223152603,60.092
2021-03-01 14:32:28,-40,-15.8776862287919,13.0232669709097,1.07949649908538,1e-04,0.0779587157511862,0.1,0.0455670098476839,56.736
2021-03-01 14:32:13,-25.5553808445481,-6.86634291377681,10.0848707326509,1.03454613587102,0.0127052420482273,0.1,0.0599451620384791,0.0729989395257536,57.91
2021-03-01 14:31:58,-27.8922740601413,-19.5522385691242,10.606682197795,1.01087402158058,0.0138636103961195,0.0838775525828924,0.0971141108043457,0.0861509015876527,55.081
2021-03-01 14:31:43,-22.7433953019607,-25.3403721621309,12.1511764073006,0.96533597757552,0.00865597179662804,0.0729044235571972,0.0711087496580503,0.0208434387574407,60.55
2021-03-01 14:31:28,-18.8168157221101,-15.7508031270839,14.5464995778004,0.898598275768884,0.0147856141485373,0.1,0.0538886683409697,0.0135008842098641,65.413
2021-03-01 14:31:12,-19.0370489776734,-22.9950712958763,8.99215406198949,1.06284369950665,0.021690330004098,0.0802828759824291,0.0762799302736342,0.0549785850530762,75.339
2021-03-01 14:30:57,-38.2915193482305,-2,8.66188539187648,1.08613828855632,0.0520083509966386,0.0979254151969016,0.1,0.0842421540624084,63.346
2021-03-01 14:30:41,-19.4031078461063,-28.3034280578252,9.20688112718904,0.927590243995231,0.0284462545815643,0.069651459966107,0.0998445585043249,0.0837426470741078,64.652
2021-03-01 14:30:27,-29.3606076345834,-6.25266564618534,9.10235202388205,1.09499834333688,0.0309404449808965,0.1,0.0798775531369236,0.0310935318052513,73.797
2021-03-01 14:30:11,-31.768518898134,-12.5078126736647,11.1361308453288,1.01220736383933,1e-04,0.088763348114604,0.0716902168231822,0.0746460378000074,51.975
2021-03-01 14:29:56,-29.1094281273416,-16.810721435572,11.0303020771357,0.965740732176516,0.0409462591859587,0.0896082450233106,0.0824384933976915,0.0707994095051107,62.716
2021-03-01 14:29:41,-28.4780146439259,-11.7804980639788,10.9500534237874,1.01041476306727,0.0375654913621729,0.1,0.1,0.0460319128592213,54.736
2021-03-01 14:29:26,-29.5029525660663,-11.9512919732059,12.1268784907901,1.0050439164452,0.0344547215519575,0.076845597534858,0.0948172707763824,0.0402942348559359,55.609
2021-03-01 14:29:11,-26.0113217627171,-15.1156449372775,8.19486389842618,1.00443705171293,0.0155650980157926,0.0971420065629578,0.0515521319115237,0.0771631225018378,55.372
2021-03-01 14:28:56,-29.7747642953776,-12.1504224396428,10.5279832701479,0.913239287689876,0.0407062098902783,0.0989610711593528,0.1,0.0588662512478607,67.677
2021-03-01 14:28:41,-17.9444915381996,-10.8374479578762,9.28043250770425,0.960215628754211,0.0618056573243921,0.0583348332885842,0.0794444241112068,0.0489953047137997,58.634
2021-03-01 14:28:25,-38.9451960222115,-7.06166858509528,2.91226360391033,0.992308034297374,0.0149071709945258,0.0574034332222884,0.0411438849603782,0.050546622188845,63.301
2021-03-01 14:28:10,-23.9645167841696,-5.32782433599238,4.2797434523474,1.01812347768444,0.0360598735472678,0.0953136095255419,0.0567663408732861,0.0339881296562302,58.267
2021-03-01 14:27:55,-11.908683532156,-3.83770224300359,8.99243528141495,0.9992666428498,0.0208231873987203,0.1,0.0719285574372828,0.0700541820976298,68.933
2021-03-01 14:27:40,-23.6929089645245,-17.4115934350537,11.3883189347078,0.979546687042505,0.0253003488100151,0.0890857488258189,0.0479338982862678,0.0371844306868273,57.754
2021-03-01 14:27:25,-22.4775392236644,-12.3769083452658,11.0150050831069,1.00634097873101,0.0191072069156679,0.1,0.071536744192933,0.0812986543362639,53.635
2021-03-01 14:27:10,-30.866028327482,-2,10.1205183161815,0.984825074811618,0.0447139340111765,0.0962485862284752,0.0913579671896231,0.0580584969493768,59.945
2021-03-01 14:26:54,-15.2839378550281,-14.5698728330172,12.2599606892532,1.02844072668964,0.0164727227382094,0.0997249939217695,0.074801734892096,0.0474038172719085,71.301
2021-03-01 14:26:39,-33.3356540028365,-12.512426507155,12.644881929842,1.06121637680023,0.0335004703444723,0.1,0.0914355762046144,0.0635204242403511,56.681
2021-03-01 14:26:24,-21.1319297742607,-22.7388577107119,8.73047474909847,0.979925421897533,0.0464976299614706,0.0921950763236313,0.0825775146880375,0.0656382898035855,60.13
2021-03-01 14:26:09,-39.440276854837,-2,8.45803026575839,1.08981898466814,0.0673933392927419,0.0715873535092926,0.0867621155635599,0.0644477736800294,65.13
2021-03-01 14:25:54,-31.180241387373,-6.8216122729971,4.69537516875058,1.11984540949307,0.0343846993140918,0.0877052752876094,0.0791785612277882,0.0574469887320727,81.6
2021-03-01 14:25:39,-21.4133803396987,-16.9286638236413,11.0531308267481,1.00166111316441,0.0224137145032329,0.1,0.0712994238121525,0.0903814778155386,56.041
2021-03-01 14:25:24,-36.5531528566747,-6.77511450956139,9.23324288273473,0.982017124523892,0.0378957372497196,0.0933599530525224,0.0996061590654033,0.00646693171199613,60.364
2021-03-01 14:25:09,-31.560328937118,-2.45849247375573,8.79220216000675,1.08459676969511,0.0190973163803386,0.0793796838985661,0.0222618777759908,0.0737418060198909,67.422
2021-03-01 14:24:53,-35.451272626625,-2,8.5444996707513,0.999380618123423,0.0312745671285689,0.1,0.0933784915018595,0.0333254753488716,56.213
2021-03-01 14:24:38,-37.2193277434812,-8.15295172613222,9.91637034354855,0.85454890423085,0.0125240969543321,0.1,0.0622650801504055,0.0638289255235038,70.453
2021-03-01 14:24:23,-29.9962163990014,-21.4392032289217,7.6830849875216,1.0893816885589,0.038565355089733,0.0765325821056402,0.0715904352352443,0.0351962339375795,68.323
2021-03-01 14:24:08,-24.2840346150488,-4.61945516330531,10.1590220003906,1.02319581737562,0.0407963190081485,0.1,0.0656520006212246,0.0644150150867079,55.885
2021-03-01 14:23:53,-20.0468357135056,-12.3431383228595,8.54113531916507,0.99408838691714,0.0411060367643259,0.0767260927221741,0.0489756935290379,0.0840168666236706,56.453
2021-03-01 14:23:37,-33.8754558522691,-11.200713786407,7.67661342673889,0.927003311867204,0.053100254672946,0.1,0.0707079397680741,0.1,72.232
2021-03-01 14:23:21,-34.9748292667536,-16.1142900976412,5.71475901433431,0.933854408772885,0.0316299429153806,0.0705490965334033,0.0483865348049984,0.0818900006691862,68.327
2021-03-01 14:23:06,-13.12489111809,-8.5578976082185,9.49821826520748,1.01249757797283,0.0562111951213607,0.1,0.0461228229853654,0.0247787579557059,70.701
2021-03-01 14:22:51,-24.4302469411324,-6.87396946835501,7.29047364450551,1.02155540291043,0.0364981859765189,0.1,0.0687031674381221,0.0660025031941275,55.781
2021-03-01 14:22:36,-20.842888101858,-2,10.9273503850981,1.03575418922646,1e-04,0.0825183425557851,0.037131830812645,0.0720120297761435,64.545
2021-03-01 14:22:21,-37.0898324927306,-10.6388157957652,2.15562010641425,0.964322057759723,0.00954274186814311,0.073136433315332,0.0502435328483353,0.0268854470222959,67.277
2021-03-01 14:22:06,-23.6701701619394,-11.5043237712612,2.62026086793166,1.0584500258624,0.0247247553585191,0.0695646152852718,0.0408304452280092,0.0843917242287764,64.418
2021-03-01 14:21:50,-40,-5.49966732988053,5.0906382923419,0.967083011197412,0.0241066146600002,0.0947384454542157,0.0520933718522315,0.0683298027384755,64.596
2021-03-01 14:21:35,-39.1017462386905,-4.39931565806977,11.7579239600851,1.03926593115633,0.03377328793871,0.1,0.0849779762212585,0.0468476507493859,55.104
2021-03-01 14:21:20,-24.4956029487801,-13.9669757752539,10.1197262983909,1.01583204250024,0.0525455441735077,0.0671486462670566,0.0269085747838648,0.0518777490601287,58.072
2021-03-01 14:21:06,-38.088924661719,-4.18250855547008,4.68447079468847,0.889439362940939,0.0457298988601212,0.0952787389715843,0.0907021126752493,0.0441810609268742,71.456
2021-03-01 14:20:50,-27.492681916393,-9.05245519295791,4.805039283243,1.02547381462266,0.0236835579781622,0.0773636618214412,0.0711167502421201,0.0604931939718667,55.005
2021-03-01 14:20:35,-25.390185404573,-2,9.9409888174935,1.02336754602089,0.0283399549957697,0.070784682559754,0.0543426197459768,0.0743376061241008,55.166
2021-03-01 14:20:20,-28.4285507149745,-2.89770483014671,8.87778708542578,1.0318387006187,0.0396224236530372,0.1,0.0403951660312968,0.0829583519687788,55.685
2021-03-01 14:20:05,-14.5784600150062,-9.85834061230692,12.4990129544843,0.931102054801804,0.0414138488812044,0.0986345067598157,0.0586561141588552,0.0602355386347398,60.234
2021-03-01 14:19:49,-29.2702699515306,-9.96676151961907,14.9097342708207,0.949135637520609,0.055914637688372,0.0733696065466592,0.0995810985800792,0.0675275085808808,64.785
2021-03-01 14:19:34,-36.3062670736889,-10.748520311984,8.40424467023307,0.961488172396921,0.0378010421350566,0.0719884831574578,0.0424497656786059,0.0628080007860139,63.617
2021-03-01 14:19:19,-30.0093659485897,-9.76922901780132,7.05027001940074,1.15823344072185,0.0598006664541087,0.1,0.0522308142657939,0.0968919991754779,103.28
2021-03-01 14:19:03,-29.0708452794607,-2.88282758904477,10.6880114272685,0.915016230744631,0.0155910204193588,0.0529619410368033,0.076593487446096,0.0455498540900026,64.804
2021-03-01 14:18:48,-28.1317306954827,-2,3.73772221255507,0.986768437459169,0.0474279387799388,0.0477217411667124,0.0593335604065416,0.061630919128998,57.577
2021-03-01 14:18:33,-13.4843648853071,-7.80595633954619,8.3586091701393,1.09484250976112,0.0427886396760529,0.0573673516281944,0.00969689843948762,0.0798814826738163,118.63
2021-03-01 14:18:18,-18.9973968348939,-10.6519765929017,1,0.926572226871947,1e-04,0.0931454255371623,0.0523970983977969,0.0675376118911624,65.099
2021-03-01 14:18:02,-25.9686474423129,-12.8065319761206,9.65033542376267,0.996302518856446,0.037893830407218,0.0790622253571364,0.0610562366854781,0.0773069234010296,55.607
2021-03-01 14:17:47,-20.1977194860654,-19.1198890430288,10.6069067139552,1.08466601192949,0.0394692392215334,0.1,0.0447126993584509,0.0741731603583429,84.548
2021-03-01 14:17:31,-15.6899545142691,-16.6065956143423,9.65343707083112,0.911688178288994,0.0494328602394524,0.0858150174689676,0.0144629372546837,0.057584225263555,63.064
2021-03-01 14:17:16,-13.142699873794,-18.678341166622,6.8817509137657,0.948568348116316,0.0218982946465055,0.0869205300234126,0.0411657740047057,0.059242573291109,56.615
2021-03-01 14:17:01,-40,-7.97952946603299,5.2482565273193,0.987830567595645,0.0109636523620326,0.0533871165451731,0.0484373844731194,0.0820911813952017,59.181
2021-03-01 14:16:46,-25.2792271662494,-7.15290932879967,9.34503385116996,0.8,0.031416098327219,0.0691434266127741,0.0424365070791613,0.0527568213170515,69.492
2021-03-01 14:16:30,-32.7921799836551,-2,9.3970483352471,0.99781620137032,0.027171085886271,0.0837074108468281,0.056278702581028,0.0846630851745345,54.905
2021-03-01 14:16:15,-22.9017059577669,-8.55249879558989,7.10836561483944,1.08442829243027,0.0342853706350132,0.1,0.0365833493990999,0.0805359161824624,78.836
2021-03-01 14:16:00,-23.9682524292097,-9.08366925290098,5.07420472605164,0.999108040161965,0.0274360914330832,0.1,1e-05,0.048330385597166,58.798
2021-03-01 14:15:45,-16.6901059839382,-17.933756688932,6.34925668331775,0.925787350883659,1e-04,0.0851514491778376,0.0174059213602882,0.0546540160831029,59.928
2021-03-01 14:15:29,-30.8999581084875,-2,5.08774884988155,0.990088036088417,0.0170261426188641,0.0720128405966626,0.0395819278346238,0.0697624038482322,58.425
2021-03-01 14:15:14,-15.0431744933906,-7.8246288712346,8.00050133314078,0.837152204734881,0.0248510088307296,0.0917924093848243,0.0193397475690992,0.0747283720656993,62.721
2021-03-01 14:14:59,-22.8516823680617,-5.5980916031494,9.46552182455097,1.05794055364529,0.035290890782815,0.0798228405137332,1e-05,1e-04,84.239
2021-03-01 14:14:43,-14.0149745281845,-2,9.22845579198272,0.904205255694687,0.0267221633813089,0.1,0.0561365182214672,0.0783677431538818,58.299
2021-03-01 14:14:28,-18.3547477353469,-2.32462643099508,10.7023263165104,0.998974326993012,0.0124448150584786,0.1,1e-05,0.0480957680532223,59.874
2021-03-01 14:14:13,-23.2621298655803,-15.7029987648466,8.97060711551782,0.988825946058704,0.023993112826068,0.0807422032457762,0.0296492386194254,0.0441229099674633,56.402
2021-03-01 14:13:58,-6.87620204481152,-2,6.57835655291073,1.04953154679227,0.00443281714541169,0.071209747952392,0.0422431254712658,0.0923631535631477,131.11
2021-03-01 14:13:42,-6.30813310797036,-16.6036086777961,6.78829836665522,0.977215510983151,0.0173649417394989,0.0958826792609184,0.0340636198060389,0.0633130370019004,82.669
2021-03-01 14:13:27,-5.49805320219656,-10.5808528423475,5.77037323764109,0.849899354734437,1e-04,0.1,0.0122621952014566,0.00992937769706336,56.22
2021-03-01 14:13:12,-10.654843604165,-2,1.7972870535918,0.969177281276135,1e-04,0.1,0.0417132160094412,0.0729246979627733,59.012
2021-03-01 14:12:58,-21.2175536835632,-10.0017810354986,8.74135865075397,0.870367332253783,0.0473309548435391,0.0858966785695607,0.0401175290013385,0.0194707655006768,72.712
2021-03-01 14:12:42,-16.135511719435,-2,6.19316186688991,0.917666810848916,0.0432535456804158,0.0721188092005773,0.0103843284158848,0.0329728070769206,61.018
2021-03-01 14:12:27,-20.3523380216752,-3.64858478649917,8.20946107331361,0.9672951045492,0.00379098261511992,0.0940947263032581,0.0202561608746285,0.0777348336202154,52.524
2021-03-01 14:12:11,-14.9762079202615,-9.22565723324368,8.48237346835248,1.00546352076006,1e-04,0.1,0.0208631803989283,0.0672585198766052,64.34
2021-03-01 14:11:56,-32.9472233137082,-6.74822087289915,9.0247087456616,0.908625871606389,1e-04,0.0647157585995448,0.0115528946181794,0.0915630334084254,66.663
2021-03-01 14:11:40,-4.89390647492691,-2,6.50500255241287,1.03358370860326,0.0558047346880729,0.0855087615456378,0.00956125868801568,0.0944666110839225,141.73
2021-03-01 14:11:25,-19.1392672939756,-11.4934906910115,2.67969340696231,0.8,0.0336675067508736,0.1,0.000873994231822431,0.0966691432265481,70.404
2021-03-01 14:11:10,-6.50199577506005,-2.3398936663526,10.9673081506665,1.02719216873854,0.0497464001083103,0.0630378535540364,0.00941245790786569,0.0720178440306622,123.89
2021-03-01 14:10:54,-7.25278008515568,-2,8.38910595280691,0.985255977169268,1e-04,0.0828585140419555,0.0428842401155824,0.0171212082516312,90.042
2021-03-01 14:10:39,-11.6626496244343,-9.59103412090312,8.95093449174868,0.8,1e-04,0.097034468599394,0.0484160369293085,0.0223027379965879,60.6
2021-03-01 14:10:24,-28.9781499813116,-14.9983472430947,12.4461951124435,1.04693445043442,0.0379642534983029,0.0891695307823731,0.00694008922071609,0.0144637084589763,59.169
2021-03-01 14:10:10,-10.5877091507517,-14.7587869675692,1.70440672086967,0.8,0.026615618470195,0.0726713771954755,0.0415532462948621,0.0390587700400647,61.412
2021-03-01 14:09:54,-13.7776760077626,-2.46160689084663,2.37547155722118,0.935004586820642,1e-04,0.1,0.0154673650908385,0.1,52.552
2021-03-01 14:09:39,-21.5092054490559,-2,2.09221997568019,0.930213382754762,0.0625408624513514,0.0739050282881156,0.0515308780548246,0.0538165156863569,68.565
2021-03-01 14:09:24,-9.34795822203584,-3.19591577318709,15,0.974803958592131,0.0443348718244051,0.0769351927628772,0.033227901481457,0.0377991643067221,70.657
2021-03-01 14:09:09,-27.2871597329375,-7.11629965857153,9.10727066409633,1.04617443772963,0.029699026440348,0.0576701877887831,1e-05,0.0314800498075322,67.132
2021-03-01 14:08:54,-27.392809976975,-2,8.92068637022237,0.909498766702988,0.0270786383619623,0.0964704241596026,0.00929121462841432,0.0216490971493022,68.892
2021-03-01 14:08:39,-10.5659778865292,-17.4528131116533,5.51025598615386,0.944805908484173,0.0482441433121458,0.0705468238633321,0.00583680836321131,0.0907724150883052,59.252
2021-03-01 14:08:23,-22.1925800246366,-3.89585715058713,11.6697078077071,1.03145614016543,0.000440625611566171,0.1,0.0276175880281993,0.044953754327989,62.578
2021-03-01 14:08:09,-10.3864253473094,-29.0720615423926,9.16227082798879,0.862606583133724,0.0388487437639926,0.0790244303964447,0.0666479272746332,0.0251213084415701,65.786
2021-03-01 14:07:54,-17.7178903195433,-17.3683652170645,9.00614109130021,1.0199856747082,0.0375894470070784,0.0970057348218282,0.0069461788707359,0.0481684202290269,64.612
2021-03-01 14:07:38,-15.799540342149,-30.1583929348829,13.5090188270914,0.878540988016302,0.0535558310233955,0.0842659091506862,1e-05,0.0470206604712436,66.029
2021-03-01 14:07:23,-19.6976496515775,-8.45709856474921,11.0312271546491,1.02678128822029,0.0174698612289566,0.0488996817662522,1e-05,0.0121756889224221,68.639
2021-03-01 14:07:08,-4.56328509696096,-2,7.55404181489411,1.08408379112094,0.0279853636831885,0.0538395869776635,0.0635715968704242,0.0811106573425983,152.73
2021-03-01 14:06:53,-12.9853286296193,-2,7.78049103059601,0.908122465348027,0.0146469282640001,0.076890758668485,1e-05,0.0399384857640175,57.526
2021-03-01 14:06:38,-11.5340963299487,-19.7365612070713,12.1585184699287,0.8,1e-04,0.0801610211138472,0.0766655595123344,0.0422301753042773,63.681
2021-03-01 14:06:23,-2,-9.04794303986179,8.34047450582695,0.846725350742432,0.0361335702696188,0.1,0.0438238355886583,0.0630613287635514,95.805
2021-03-01 14:06:08,-3.07260399080942,-37.0337518533743,9.26623761129978,0.893926803462741,0.0208866751046324,0.0851106418209249,0.0275817528604164,0.0113403859524065,75.73
2021-03-01 14:05:53,-2,-2,15,0.993450541607408,0.0492000171928289,0.1,0.1,0.0553285406468869,151.74
2021-03-01 14:05:39,-8.81157214157555,-20.5328981069746,15,0.8,1e-04,0.0701285313114729,0.025235888279791,0.0695860239338361,58.669
2021-03-01 14:05:23,-12.7982092154986,-2,4.23396645174128,0.8,0.0259717861422771,0.0839021727140683,1e-05,0.0087236147092025,59.349
2021-03-01 14:05:08,-16.0513761883394,-12.2147621997673,14.0100893052633,0.945017828942394,0.00492808043712764,0.0756477425870697,0.0177365610353815,0.0218626403214831,52.935
2021-03-01 14:04:53,-14.3845657200612,-10.5570338969518,13.8436016823151,0.8,0.00259575228213927,0.1,0.0115499863350218,0.024662371949872,65.535
2021-03-01 14:04:38,-11.8562605455218,-6.27656524204035,5.98145713301012,1.00778254060689,0.0040189926254172,0.0690049026196159,0.0480314610113477,0.0505316864953163,73.506
2021-03-01 14:04:22,-2.47699120607286,-7.09448122079003,9.44055623707242,0.851780859973438,0.0186758581208065,0.0692730514142192,0.0167654243695457,0.0218079172242717,89.849
2021-03-01 14:04:08,-16.7097855371412,-13.176873090275,9.33301146768743,0.988474381021997,0.0494190409677909,0.0767282538229661,0.0394057797229577,0.0297976704644732,57.443
2021-03-01 14:03:53,-16.9263205779397,-26.1101183869376,15,0.8,1e-04,0.075746768096814,0.00902316850035407,0.0969849930647368,68.178
2021-03-01 14:03:38,-21.7314777553689,-6.20687462494686,13.0435483751727,0.965509001474487,0.0524219469487924,0.0816666029663139,0.0466018607143892,1e-04,59.021
2021-03-01 14:03:22,-23.7892798902995,-20.629906072182,11.4031767064826,0.879263559961837,0.0163715137954734,0.087724657069435,0.00719427874610872,1e-04,71.402
2021-03-01 14:03:07,-2,-29.096763020254,6.35601591875402,0.856936166430529,0.0382294269240793,0.0223112890401109,0.0353492566176637,0.0429153886423977,91.931
2021-03-01 14:02:52,-2,-10.1379524401332,7.24399177058889,0.8,0.0111787064005424,0.0977199169467933,0.0804318169752613,0.0316971019662408,99.93
2021-03-01 14:02:37,-2,-22.7787611428244,13.013718577755,0.908406923776563,0.0186909095185423,0.02284357279607,0.0445005843958853,0.0583100956330833,96.497
2021-03-01 14:02:22,-8.85164363843962,-26.9918932693241,2.05733234793169,0.990197500121859,0.0177606305583586,0.0597544805800373,0.0514555406761894,1e-04,73.208
2021-03-01 14:02:07,-22.4801994846487,-9.55261512826508,9.82283467887702,0.973872541810738,0.0489587869722139,0.0381872782647005,0.0508272658441116,0.0371378704732671,58.611
2021-03-01 14:01:52,-32.6710964373921,-14.9782428550641,8.29602934321247,0.813704624411103,1e-04,0.0473218740817342,0.0502222654935099,1e-04,72.062
2021-03-01 14:01:36,-25.2039869054953,-30.6301558616145,8.78595883217265,0.901750882483059,0.0551225137968608,0.0491187175428432,0.058720234154131,0.0586171715913772,73.147
2021-03-01 14:01:21,-7.13840449948948,-15.2826093608792,10.9668288995933,0.8,1e-04,0.1,1e-05,0.0360177709320563,55.835
2021-03-01 14:01:06,-15.54657967254,-2,14.5513531141423,0.8,0.0107004931469803,0.0922422967801029,0.0598910543134506,0.0164630004559555,65.107
2021-03-01 14:00:51,-21.8758747073305,-3.87983030668168,12.982997471787,0.873192911511584,0.0237531161790573,0.0834334327685591,0.0716110005956624,0.0109452719345163,68.755
2021-03-01 14:00:36,-12.9706968208351,-19.7720252462376,4.03899100906773,0.858719351834793,0.031438631876243,0.0932759035480826,0.1,0.0426472559913533,63.586
2021-03-01 14:00:21,-15.131134008825,-10.0527619126345,1.93432652636467,0.882576704857804,1e-04,0.00984353719025836,0.023010932865549,0.0254605993906376,65.828
2021-03-01 14:00:06,-16.4464631006861,-15.842870767238,13.1532788482085,0.992126334431516,0.0675085294696405,0.0754057980587957,0.00245090497122861,0.013637579734263,62.164
2021-03-01 13:59:50,-7.56243156418042,-16.1950288037057,8.55562749954177,0.8,1e-04,0.0235222064945115,0.0225610852609004,0.00348358710941387,55.455
2021-03-01 13:59:35,-2,-2,12.9591759023234,0.804411779910159,0.00274069780892931,0.059632968967567,0.0118554083884725,1e-04,110.51
2021-03-01 13:59:20,-2,-2,5.77129568535941,0.8,0.0311768650929695,0.0332525959454821,0.0485897025631611,0.0371765635613411,97.376
2021-03-01 13:59:05,-2,-15.5115105864025,10.8111954008909,1.05001801917564,0.051344301452689,0.0707731003111418,0.0809564741704188,0.00882016181799467,165.68
2021-03-01 13:58:50,-18.2824195058771,-13.2876249567406,8.90658174723678,0.8,0.0319049431404969,0.0734622986292358,0.033509801649073,0.0129367703631295,70.512
2021-03-01 13:58:35,-7.23505506371285,-24.8542985907512,15,0.8,0.0618158118714343,0.0548571664220251,0.0760620528687143,1e-04,62.648
2021-03-01 13:58:20,-20.5041913257939,-10.7026778673133,15,0.971288541140089,0.0632867098934669,0.0702380979857477,0.0264674708982729,1e-04,56.895
2021-03-01 13:58:05,-3.68833150760743,-34.1578401731177,15,0.870886280295736,0.00141740260089105,0.089434968870544,0.08299923655506,1e-04,68.895
2021-03-01 13:57:50,-2,-29.2389662626406,15,0.904196462516553,0.0816331447652264,0.1,0.0707465490655061,0.0279094891448269,98.985
2021-03-01 13:57:35,-8.48330420496946,-27.3650353742404,11.7222442069499,0.875811806820121,0.0984639376420157,0.0535052965077799,0.0746424078642915,0.0266247184797723,63.555
2021-03-01 13:57:19,-21.0937473941406,-27.7343521159521,9.67217415275613,0.8,0.0486999920448623,1e-04,0.0790965258974982,0.0132245578189224,73.937
2021-03-01 13:57:04,-9.29782176286119,-19.5813054800403,14.4721179026593,0.8,0.0522457791413723,0.0997970026145045,0.1,0.0515511475744629,62.812
2021-03-01 13:56:49,-12.1427830292557,-17.1918332261407,12.3187561913388,0.900513016679527,1e-04,0.1,0.0877149614176733,0.0138299751339343,58.523
2021-03-01 13:56:33,-7.62973241197225,-36.4031118107915,15,0.888274170290701,0.0287104155042096,0.0514572009260351,0.1,1e-04,58.72
2021-03-01 13:56:18,-7.77056007685253,-6.49454586454006,3.06286032537916,0.8,0.0185354067349288,0.060822414608195,0.0226724668133473,1e-04,54.492
2021-03-01 13:56:03,-25.7576641981014,-23.6435160701276,4.92511284532831,0.856308461018342,0.1,0.0442285143619857,0.1,0.0728727683627867,74.466
2021-03-01 13:55:48,-15.9909107265287,-33.545430371467,15,0.835656373708855,0.0572223762410051,0.0622160700226906,0.0658979844370569,0.0211329975267882,70.701
2021-03-01 13:55:33,-2,-39.8346756395888,9.2198766865461,1.03094426997321,0.0431638637673346,0.1,0.0867589772171079,0.0620836887963761,144.94
2021-03-01 13:55:17,-2,-11.5616014834125,9.23505165558708,0.950862116873259,0.0462567069953578,0.1,0.1,0.0486374677364785,128.7
2021-03-01 13:55:02,-20.4065224489691,-18.5439792166543,7.6053094087829,0.815205071040891,0.0479840671798795,0.1,0.1,1e-04,72.322
2021-03-01 13:54:46,-21.711012415571,-22.0752551267202,5.2835925445662,0.81659729101726,0.1,0.1,0.0858882260696828,0.0104897953469832,73.483
2021-03-01 13:54:31,-11.0381434087354,-26.0018129952658,6.88857637715188,0.818432490237021,0.0811710058068906,0.0631191480618835,0.0815977693024268,0.0473900462236944,65.805
2021-03-01 13:54:16,-6.42178157496301,-30.6487397261413,3.57482883893495,1.08272949468268,0.1,0.00733383060188438,0.076171814166095,0.0720709719914651,139.75
2021-03-01 13:54:01,-6.85571328538458,-23.0783696361521,15,0.8,0.0315271102642299,0.075858877742261,0.1,0.0127239126340961,61.602
2021-03-01 13:53:46,-8.31716308966021,-38.3287945839281,5.93721541086118,1.0185710504896,0.0585098168068686,0.0636756817308302,0.074612054756895,1e-04,89.393
2021-03-01 13:53:31,-5.79367939636917,-2,14.713647794027,1.08085351026858,0.0696075481556641,0.095064431297615,0.0522439203299023,0.1,151.69
2021-03-01 13:53:16,-25.4083608265318,-32.7791434971743,4.95619862581249,1.17652207285619,0.0144352189476256,0.0706629640395733,0.0888351412711102,0.0452711383103507,120.22
2021-03-01 13:53:01,-10.704262162731,-23.5544569824406,8.45429889096667,0.840415148590663,0.0657100520337974,0.0742208409676074,0.1,0.0467565671651862,64.054
2021-03-01 13:52:45,-14.5439306638171,-20.9689081974805,12.355612631121,0.957260919573814,0.0750456922766346,0.0875800653584869,0.1,0.0307071892564054,58.026
2021-03-01 13:52:30,-13.7385765143618,-6.88074136402874,6.38142608872391,1.11854562238291,0.0388071692754891,0.0568673345300485,0.0749840240298301,0.0293717835914717,122.65
2021-03-01 13:52:15,-2,-19.7418872291815,2.59023019563047,0.90880157921189,0.0607382370767626,0.0349537767796037,0.0884956963619718,0.0340909858514702,97.096
2021-03-01 13:51:59,-7.07734314388183,-32.4396299383627,3.3388224912094,0.830231998791615,0.0222155674743159,0.0779525662876231,0.0526164470833182,0.0863188125655795,65.316
2021-03-01 13:51:44,-10.4344537259651,-34.3421754987972,6.46831664322357,0.900411392568253,0.0449932477960992,0.0777125130432609,0.091172757497998,0.0308461451549483,64.33
2021-03-01 13:51:29,-31.8085035983073,-26.8797616197929,6.26539207533367,0.831487579358621,0.0617901794988181,0.0424658927492921,0.1,0.0664644309980788,76.305
2021-03-01 13:51:14,-2,-7.30981787677765,1,0.8,0.0454567784988828,0.0649219455640877,0.1,0.1,96.58
2021-03-01 13:50:59,-36.5633129759713,-9.37579136620569,5.37786474573028,0.944058837053669,1e-04,0.0956630057463086,0.0804644406726547,1e-04,65.605
2021-03-01 13:50:43,-9.27098886739454,-28.3788882934648,4.51549699077882,0.836449014783072,1e-04,0.1,0.1,1e-04,61.94
2021-03-01 13:50:28,-15.9446747096423,-11.3154841306832,6.75881776847074,0.994802701514035,0.0703673625890252,0.0974780627762769,0.0501148993379866,0.0647073281548314,59.752
2021-03-01 13:50:13,-8.55033366668392,-20.5882005543349,3.51099171626098,0.869464790653043,0.0211721627293946,0.0502540006345628,0.1,0.0361623728358754,58.921
2021-03-01 13:49:59,-40,-2,7.03120596605963,1.11882475477597,0.1,0.0325574779113411,0.0624746842650121,0.0043562106808381,78.564
2021-03-01 13:49:43,-18.6300191092549,-7.2651489924482,1,1.02795140178519,0.0611037318010377,1e-04,0.1,0.02169440184476,64.421
2021-03-01 13:49:28,-9.28020276423457,-24.8138620952409,5.33135319554435,0.82658168824131,0.0326421166001931,0.0235186866484592,0.1,0.1,63.663
2021-03-01 13:49:14,-25.6555930176212,-12.5025608888167,7.25188879177056,1.2,1e-04,0.0199416486714601,0.1,0.0343978792788043,138.34
2021-03-01 13:48:59,-17.2520538814944,-40,7.32843646206921,0.916430090289775,0.0573015709369774,0.059178084495478,0.0858716922330537,0.0548572889901419,69.546
2021-03-01 13:48:43,-21.5882597011477,-2,2.39935612371217,1.07856475028007,0.0697559629814345,1e-04,0.1,0.0176226275690124,84.559
2021-03-01 13:48:28,-10.9651505526267,-29.9580626669052,6.69255051105248,0.8,0.1,0.0447875689018853,0.0746128558327917,0.00820731797784357,64.943
2021-03-01 13:48:13,-27.1454833855327,-17.2754472503971,1.65620600881012,1.01530758876725,0.0480983243926155,0.0473682471768541,0.1,0.00310057926294839,57.401
2021-03-01 13:47:58,-11.0736704441796,-14.9473222656605,7.097151450221,1.07123547090727,0.0506384113862138,0.0423954680665528,0.1,0.0698691062148849,106.42
2021-03-01 13:47:42,-3.72469792176864,-20.0995435179444,3.26974788390812,0.8,0.0366516724714504,0.0368650686334889,0.0696217448002265,0.0265236620561513,68.74
2021-03-01 13:47:27,-15.704378227786,-16.9535856789645,6.97829466838698,1.03991210814638,0.0626650230641755,0.00174203096392458,0.0922777873481749,0.0844919364739981,75.813
2021-03-01 13:47:12,-20.6485900821463,-5.6417054280403,3.8175824954806,1.15441860206275,0.0700797966322966,0.00860024969389855,0.1,0.00318693294235671,125
2021-03-01 13:46:57,-40,-4.76324264278945,6.68365282264593,1.13953171260724,1e-04,1e-04,0.1,0.0606983644404791,85.854
2021-03-01 13:46:41,-35.8103603103196,-2,1,1.07957057392374,0.0278984703399713,0.00468701497109508,0.0726854927948018,0.0216407551707954,58.346
2021-03-01 13:46:26,-11.4281053990672,-40,15,0.806519414938889,0.016126359810442,0.0256630518751832,0.1,0.0527061550718313,66.374
2021-03-01 13:46:11,-32.4002466851517,-27.4693077034073,8.34428979451697,0.946810414215575,0.0570674977612653,0.020095740647916,0.1,0.0811387156019068,68.582
2021-03-01 13:45:56,-40,-30.1966716884245,15,1.2,1e-04,1e-04,0.0862352438409681,0.0214247036473395,114.22
2021-03-01 13:45:41,-39.7730988011096,-15.3618669453773,5.78207863411696,1.10927325573798,0.015978559675448,0.0392640669572171,0.1,0.0166828533825033,65.368
2021-03-01 13:45:26,-40,-23.7139831706089,1,0.831073912910436,0.0677374550598949,1e-04,0.0532188139917449,0.0740243046055406,77.424
2021-03-01 13:45:11,-32.8139257425605,-15.7547099350536,3.59526028867681,0.993939652647181,0.1,0.0407690534776797,0.0936024973900654,1e-04,61.34
2021-03-01 13:44:56,-31.4219778231577,-2,5.30003048527648,1.18053728816766,0.0750313853274767,1e-04,0.0532205098144002,0.0537889723940212,120.17
2021-03-01 13:44:40,-40,-35.3062945221331,3.88631971305421,0.8,0.0178663998415932,0.023274507557175,0.0801984117172768,1e-04,78.38
2021-03-01 13:44:25,-40,-26.6328482703155,11.9277341804588,1.2,0.0641019802008799,0.0133539591195013,0.0338321742121066,1e-04,110.48
2021-03-01 13:44:10,-18.8844328915269,-2,13.1213370928182,0.936809320163097,0.0524527470340549,1e-04,0.0285710366428409,0.0193173661366707,58.397
2021-03-01 13:43:54,-32.3601972038267,-3.02020920687883,7.76609309735155,0.87476524589299,0.0501717929838983,1e-04,1e-05,1e-04,70.982
2021-03-01 13:43:38,-18.2511480084606,-20.458401023846,5.35776948271022,0.974724336583324,0.0152891612908001,0.054507260110428,0.1,0.0736614176264835,56.407
2021-03-01 13:43:23,-3.98171714739839,-40,3.13577496157774,0.856539370004917,0.0918784528022599,1e-04,1e-05,0.0319679789099264,81.146
2021-03-01 13:43:07,-28.0210782439489,-2,5.47151270227634,1.2,0.0439086996131979,0.0386191171896923,0.0413970907788154,0.1,129.72
2021-03-01 13:42:52,-40,-11.1186405989701,1,1.05573573118378,0.0236828343056192,1e-04,0.0567793533001633,0.00311568049297233,54.729
2021-03-01 13:42:37,-39.562211685923,-26.3599359686589,2.83265698895111,0.946683800310719,0.1,0.0504187920957638,0.085939046828982,1e-04,71.719
2021-03-01 13:42:21,-2,-23.3872052535135,9.71190012473058,0.8,0.1,0.0891836942029166,1e-05,0.0549451006569707,130.83
2021-03-01 13:42:06,-40,-27.3293331343627,5.77192368533004,0.97550131662602,1e-04,0.0631015569646446,0.1,0.0726545583073155,64.91
2021-03-01 13:41:51,-2,-7.82580884890973,1,0.845273765616781,1e-04,0.1,1e-05,0.0970926380108405,115.15
2021-03-01 13:41:35,-27.6436078798731,-27.7937660868895,5.53048339467018,1.03136369411022,0.1,0.0378542179851952,0.076073296929782,0.0793823002976033,58.173
2021-03-01 13:41:20,-5.60064137014042,-7.31687964086109,4.49885680561641,0.8,0.0948329439408256,0.1,0.1,1e-04,61.596
2021-03-01 13:41:04,-40,-30.450787435712,15,1.04658411045677,0.0861988358758517,0.0567314095350513,0.0209483745616977,1e-04,57.669
2021-03-01 12:50:30,-40,-16.7595862413467,2.11637162966071,1.03742857295484,0.00153297188059562,0.062143395068388,0.0249890374848729,0.0284024644379151,54.075
2021-03-01 12:50:14,-40,-5.92356947632409,1,1.03470016308413,0.0237293135348589,0.0831406778105959,0.0273266566133534,0.00149581584979304,54.121
2021-03-01 12:49:59,-28.2603371471999,-2.12535761387924,4.08975768173518,1.0144664139088,1e-04,0.069045500457311,0.0487917340925521,1e-04,54.435
2021-03-01 12:49:44,-31.6353514440317,-8.44482484269849,5.06887853880005,1.03714743541963,0.0191190999235134,0.0809488011947378,0.0361864871294222,0.00512956148651281,54.682
2021-03-01 12:49:29,-40,-21.4529552959138,1.43329857295312,1.12907037877956,0.000983546206451541,0.097158561286143,0.0312273640176585,0.000760163012085401,74.626
2021-03-01 12:49:14,-32.6333421914452,-11.2895691182927,2.93338530288042,1.02592368501017,0.00847426791998445,0.0714145370980462,0.0632357282255471,0.0145215006810236,52.985
2021-03-01 12:48:59,-34.4792863552794,-4.22513192208723,4.8368447097091,1.074673558811,1e-04,0.063220369595663,0.0414840305903438,0.00354009602394148,60.788
2021-03-01 12:48:44,-37.4874400804505,-7.66501320112455,3.02737116982243,1.06565469804063,0.0118278385328756,0.0693323315256215,0.0335277923877689,0.015983310886384,53.762
2021-03-01 12:48:29,-29.5723560101258,-17.4342424349507,7.47162787647068,1.07384595067042,0.00283582746859198,0.0844959418219355,0.0518722260105081,0.0134598513381464,62.795
2021-03-01 12:48:13,-35.8283313790516,-17.2361739295761,5.79311319738476,1.13176409623684,0.0203128013031328,0.0689495846779747,0.0592121608158956,0.0353644871245758,80.453
2021-03-01 12:47:58,-34.3957163220852,-10.2441939711011,2.97512243888211,1.03728537322104,1e-04,0.0855339049603453,0.0413563574972954,0.00350734381683905,53.56
2021-03-01 12:47:43,-40,-10.2807904368829,6.14824095327694,1.06461249146348,1e-04,0.0853539313761082,0.0796007906919397,0.0304087861225764,54.21
2021-03-01 12:47:29,-40,-14.8701998074349,5.28319308338071,1.02467605765866,0.00195769087799532,0.094766363703023,0.0330686654443638,1e-04,56.299
2021-03-01 12:47:13,-31.8513282933375,-10.2114115756766,6.32300744198216,1.07665489295466,0.0101637169743514,0.0600358499360175,0.0480876281910078,0.000249738269943488,62.582
2021-03-01 12:46:58,-35.3764238800828,-12.8447842448171,3.35857537687253,1.04354496846121,0.00470673070939738,0.0936706855509967,0.0483822428526179,0.0245972018947924,53.961
2021-03-01 12:46:44,-39.5418924666566,-6.45199004194629,3.26378768319987,1.01687647606176,0.0174331283236332,0.0835621183984978,0.0386407813691862,0.0193493691585689,55.883
2021-03-01 12:46:28,-37.4746185143501,-19.7890274673478,5.1886031921264,1.06597508738519,0.00738097293305084,0.0737805327763818,0.0426750206450089,0.0241526700404184,55.63
2021-03-01 12:46:13,-36.7178987796896,-12.6482965851496,4.55650667773389,1.02367255574673,0.0135272981703525,0.0758463899160428,0.0816304539508405,0.0256924044544163,54.693
2021-03-01 12:45:59,-34.9557087063446,-6.30129722907955,4.67211325032233,1.05181514607964,0.00136262245617021,0.0923188018626617,0.0327888680675709,0.0020791582319874,54.037
2021-03-01 12:45:43,-33.5007545239314,-12.4313635747059,7.21451695648794,1.02393247485606,0.0119440603057922,0.0703123875761006,0.0762359125974803,0.0264268693222858,54.363
2021-03-01 12:45:28,-35.2271549423335,-7.21753870751924,7.85479706477014,0.999663796291086,0.0249775434418646,0.0778500144929556,0.0607947508165289,1e-04,55.791
2021-03-01 12:45:13,-35.4608948413803,-13.6445922830789,3.74442202120505,1.12687260615247,0.0286909201247206,0.0808063364784217,0.0572183239945491,0.00341747060398622,76.218
2021-03-01 12:44:58,-40,-2,4.49455996080086,1.00621274317278,0.00980623179254093,0.0650280874678128,0.047863687661978,1e-04,59.232
2021-03-01 12:44:43,-36.3809996569093,-20.10389831793,5.71253913798928,1.02984371569565,0.0104005562100844,0.0951021014198356,0.0623382784412373,0.00585883885099986,55.48
2021-03-01 12:44:28,-36.192404440064,-17.2077608809686,5.25757999154164,1.11818263275072,0.0438279044435794,0.0799863334293439,0.0534915487537419,0.00400422745150747,74.055
2021-03-01 12:44:13,-19.5381701708893,-13.0392420517231,5.48611849608693,0.980632595875753,0.020930208008186,0.0732040424932262,0.0660173448602846,0.0386945008236234,55.205
2021-03-01 12:43:58,-25.1528008183313,-2,2.40107587108483,1.0517676276997,0.0144953544911827,0.074126907084787,0.0575715364069888,0.0138640090288237,62.637
2021-03-01 12:43:42,-36.4190309855336,-11.8765514732174,2.69663821136442,1.11002552875888,0.00980616418117652,0.0593148014187388,0.0497152217394793,0.0198661686487789,71.872
2021-03-01 12:43:27,-28.4804658375776,-6.10403228779295,5.0300494848075,1.0653215243579,1e-04,0.0571078464440069,0.1,0.0145054893094408,62.227
2021-03-01 12:43:12,-27.4794718653378,-10.2467080069056,3.88876200927648,0.986807534716531,0.00862494249056148,0.0646051396092684,0.0619637070414894,0.00695334316687204,55.454
2021-03-01 12:42:57,-27.1712933580624,-9.39130864977748,4.87876530882137,1.04351827747782,0.0258157031727055,0.0732592935167079,0.0519119567419247,0.0419476064662754,55.952
2021-03-01 12:42:42,-29.3002956406529,-7.86912929057659,6.36425697654251,1.04450663735247,1e-04,0.0701902062648218,0.0655100227224687,0.00572216199954552,53.859
2021-03-01 12:42:27,-36.9016662482326,-18.1200608257215,5.00841208823831,1.03972609807238,0.0310683075031784,0.0852697146567089,0.0431790135170271,0.00502694205759664,55.007
2021-03-01 12:42:12,-25.0599517385124,-15.8279464892976,3.67139699202058,0.966990268124036,0.0149913466689325,0.079074466518505,0.0516813523522011,0.0442892436580357,61.828
2021-03-01 12:41:56,-35.0607047892615,-13.7340193967566,1,1.00052554829357,0.0242607241833539,0.0632272685984188,0.0678908819860044,0.0324327444855657,58.733
2021-03-01 12:41:41,-38.7906518377384,-14.2895959754091,4.19979433894072,1.05315078662645,0.0123714233431197,0.0789429166796608,0.0527676034317058,0.0144890945436485,53.447
2021-03-01 12:41:26,-28.7050755888629,-16.9556716114312,6.84354982411556,1.05137287314935,0.0337323097429044,0.0603875335865125,0.0614547874324025,0.0362533235045567,58.609
2021-03-01 12:41:11,-35.4524411874573,-15.6016227749849,5.19041375282872,1.14941410855364,0.00509411291005258,0.1,0.0617752936243112,0.0358067388275365,90.386
2021-03-01 12:40:55,-32.7943689942546,-19.952673789671,2.59650064944886,0.979589827452608,0.0201490992866758,0.0938362364766776,0.054902554989528,0.0334859248304098,65.233
2021-03-01 12:40:40,-32.2033556792627,-9.07931623866943,3.8347212631233,1.12432145705084,0.0245699654819366,0.0847231291938427,0.0488135318684853,1e-04,81.713
2021-03-01 12:40:25,-38.8376845266502,-2,1.81007190909333,1.07088589855325,0.0137154468970206,0.0765098800648564,0.0474916861161897,0.00977878319779118,56.191
2021-03-01 12:40:10,-33.2044682392574,-15.8374308851509,3.51360972818105,1.09760299400789,0.0510388313195459,0.1,0.0655348443902162,0.0285861482682204,68.306
2021-03-01 12:39:55,-21.1353596810505,-2,4.93199989571647,0.939512723217728,1e-04,0.0657276824867893,0.0348532526721842,1e-04,60.887
2021-03-01 12:39:40,-34.7636492438337,-10.7954738334348,1,1.1081907207371,0.0438860237963948,0.0960391847325042,0.0893975794831609,0.0152475086037569,70.288
2021-03-01 12:39:25,-26.2488406630792,-20.1232333110057,5.18181070446359,0.965070163462232,1e-04,0.0899181628937502,0.0982454175352312,0.0452822813912973,59.897
2021-03-01 12:39:09,-19.3621114268789,-2,4.37665067830041,0.924537582571577,1e-04,0.1,0.04595935893171,0.0263928311467386,63.103
2021-03-01 12:38:55,-38.9682187630734,-15.9986463873311,5.71999421249254,1.04621379380841,0.0144143106334668,0.0744109963282112,0.051840694588517,1e-04,54.42
2021-03-01 12:38:40,-28.2584724616708,-14.319266191194,2.75497762146257,0.98793771737496,0.011952464674524,0.0918363903634733,0.0645914153422361,0.0422895296553287,56.57
2021-03-01 12:38:25,-37.9570407921836,-15.5384264582853,1.32371353506787,1.10980622933343,0.0119058805493149,0.0729274893337343,0.0384690274799522,0.0196164211855679,68.276
2021-03-01 12:38:10,-33.7244977724172,-13.7613176920009,1,1.01782714254541,0.0353079449725801,0.0836786477557041,0.0480525530358953,0.0198144654852567,59.138
2021-03-01 12:37:55,-40,-16.4152215159297,2.51769820257674,1.07704726625598,0.0517696381016302,0.0762141520840413,0.0240897173650002,0.0413543737880165,58.889
2021-03-01 12:37:40,-30.1660772634082,-18.0508974507802,5.1844118718287,1.079720998576,0.0173801243717948,0.0833587015642077,0.0734102747867395,0.0380662712875152,63.229
2021-03-01 12:37:25,-30.5242880211828,-2,3.62745679595725,1.01311459782328,0.0173389747040902,0.1,0.0644147827437166,0.0233046445852293,52.192
2021-03-01 12:37:09,-23.9916272524537,-17.9521706049862,3.54442472264184,0.921112053721522,0.00349875137743197,0.0893724183305313,0.1,0.0250682300395853,70.698
2021-03-01 12:36:54,-39.0999061785998,-14.299933702036,1.80702842135823,1.01500242503778,0.0440632611521523,0.0670000291489174,0.0638379356295759,0.0321052383792211,59.215
2021-03-01 12:36:39,-26.5416506234058,-10.7384885117212,1.19967949630329,0.980683200377356,0.0142741515876181,0.0739632238317695,0.0669235015137684,0.0199874748484681,56.566
2021-03-01 12:36:24,-37.4155005215798,-15.1745323644725,3.91311915082629,1.05515590351083,0.030394625950582,0.0692243821791543,0.0374219218856159,0.0200995409108995,55.645
2021-03-01 12:36:09,-20.2370778160768,-22.1091274745915,5.41247490765244,1.01615648560697,0.0163742979549346,0.0904560011420027,0.03248328504309,0.0322619447431606,57.61
2021-03-01 12:35:54,-36.2685717370641,-19.8009321289958,1.33807113822493,1.16698579281923,0.0308875753836487,0.0562605075787565,0.0353066112052265,0.0225189256858851,95.398
2021-03-01 12:35:39,-40,-34.7174854050767,1,1.17158801618194,0.0240651828890686,0.0766641443351919,0.0459351044133037,0.000495640596677411,91.93
2021-03-01 12:35:24,-26.0641398730507,-13.0824878589669,2.0873968809213,1.03339914204232,0.0164139359048412,0.0513733925102213,0.0454920093021902,0.0347033276673017,57.091
2021-03-01 12:35:08,-39.4838615827911,-6.0995905179092,1,1.03359608275079,0.0307164402245242,0.0818279041127881,0.050622455119677,0.0191811428833766,54.503
2021-03-01 12:34:53,-29.5526947679477,-9.13601115875101,1,0.969823331082007,0.0224683390496043,0.0844078068415073,0.0551346306435133,0.008232377685917,64.4
2021-03-01 12:34:38,-32.2670385791525,-8.58417229171917,3.36495607606271,1.02437409783654,0.0266702534717759,0.0821642582938651,0.0874428214420274,0.0200555001325676,54.329
2021-03-01 12:34:23,-18.9267826980502,-20.5222291615935,1,1.07040964908296,1e-04,0.081879855791901,0.0256780429637147,1e-04,80.98
2021-03-01 12:34:08,-31.126439094766,-16.114505399597,1,1.05196214596462,0.0304249894074193,0.0632997964857269,0.0376224469651592,0.0390430493746384,57.802
2021-03-01 12:33:53,-39.3948044942075,-21.9777705708489,4.4337920527335,1.12083719041991,0.00542738626924442,0.0849474458127904,0.0339929413577115,0.00979616460188075,71.59
2021-03-01 12:33:39,-37.2515873167766,-20.5065825506147,1,1.04520321706423,0.0222466966808463,0.0710461470302739,0.0468430417069031,0.0197205975503831,55.237
2021-03-01 12:33:23,-40,-20.522617046443,3.66462700051029,0.994647704150157,0.0292486739664276,0.0852724901590361,0.0262426858888749,0.0387329943189187,66.286
2021-03-01 12:33:07,-26.2326550477972,-17.562992488085,4.57506981439944,1.00843565247283,0.0265801422045624,0.0548756866643547,0.0179986152870366,0.0237110254463038,57.209
2021-03-01 12:32:52,-28.2765066175305,-12.6942650309929,1,1.05027005343411,0.023307647904584,0.0864433255057224,0.0385786410091825,0.00938798212224003,56.412
2021-03-01 12:32:37,-40,-24.93590538925,2.80533475049488,1.05980859471778,0.0217673559881667,0.0701009176034363,0.0706962710080803,0.0677780274139359,57.272
2021-03-01 12:32:22,-40,-23.0215485723081,1,1.04375002684596,0.0250055411555196,0.049449849088072,0.0199041860755033,0.0420282669683752,56.945
2021-03-01 12:32:06,-40,-12.9053951593216,5.54902315555296,1.03410861232347,0.053919919978195,0.0701158262063563,0.0491375107116746,0.0376543492710415,56.636
2021-03-01 12:31:51,-23.4029669021952,-14.1479139626365,4.68770666756855,1.06571694776959,0.0239947912655711,0.082275624963235,0.0330612263409807,1e-04,67.63
2021-03-01 12:31:36,-26.1492177634101,-19.9354766018519,3.0952907441897,0.995233276647975,1e-04,0.0538387085648041,0.051137234452268,0.0170735801602112,55.381
2021-03-01 12:31:21,-39.6187132486142,-22.1243521205541,1,1.06379412339322,0.0113276030393943,0.0497578077103093,0.0268908468791369,0.0270016886058734,54.843
2021-03-01 12:31:06,-37.3699401765958,-18.1366027406865,5.11578268562515,1.00337511263571,0.0337543112303071,0.1,0.0582654465357505,0.039044176379313,59.06
2021-03-01 12:30:51,-33.0576568862181,-16.4331173392295,3.1953879435257,0.991808653692637,0.0421659704507265,0.0786622862200862,0.0543003584540796,0.00569040885399974,62.874
2021-03-01 12:30:36,-33.3395147313432,-21.6576333964252,2.59530213789686,1.0554047636322,0.0450736764618519,0.0802974515788342,0.0402168978574158,0.0492237669569173,58.425
2021-03-01 12:30:21,-29.3359533605269,-13.3061450787865,1.84625468359524,1.05368193406404,0.0367088063242888,0.0740562909703418,0.0397194814551936,0.0416823256402671,58.246
2021-03-01 12:30:06,-28.9128999824699,-19.5917158386682,6.82236353996837,0.973116241383067,0.0384651965926801,0.0769729043221312,0.0417922635894421,0.0179448388330643,63.021
2021-03-01 12:29:51,-29.7669279764291,-21.0308104800625,4.15884803407435,1.04845576070039,0.0342346000731124,0.0778498914761483,0.0279360322562122,0.0232247341481808,57.102
2021-03-01 12:29:36,-40,-28.3881770588176,4.28316281667645,1.02809789726263,0.0624176620714137,0.0711915205550633,0.0333877857298438,0.0434801194322374,60.108
2021-03-01 12:29:20,-36.7598276130531,-13.6899146113505,2.96647237819258,0.989015962932383,0.0150400667747631,0.0617049412161669,0.0565746700637249,0.0629507178162224,61.642
2021-03-01 12:29:06,-37.5982831817017,-20.5583795671855,3.94299901867553,1.01191523740345,1e-04,0.0777051168355324,0.0762239518764306,0.052792882411043,57.891
2021-03-01 12:28:51,-30.8204895429509,-5.22266919920497,2.99742153309635,1.06063207896681,0.0631218216122733,0.0750501657847251,0.0343588690721078,0.0289711239253791,61.241
2021-03-01 12:28:36,-31.0523121615715,-11.5053300676071,4.56945321342257,0.993659615191115,0.0324690319605609,0.0796966140761804,0.036724047324703,0.0307570615512103,58.414
2021-03-01 12:28:21,-29.1190338104571,-18.3957964825444,3.28659296657529,1.00509374124323,0.0484463166108488,0.0594233514044454,0.0235723427311116,0.0526386315525955,58.575
2021-03-01 12:28:06,-37.5765363470953,-22.9792445737224,3.59383099625831,1.03416922991771,0.0249577513205651,0.0748877158227664,0.04191398066663,0.04474500576068,57.173
2021-03-01 12:27:51,-30.777475561286,-19.398731579852,1,1.07744609088741,0.042943243614093,0.0485977415270911,0.0385199717424702,0.0608740948947835,62.609
2021-03-01 12:27:35,-34.9582431449778,-19.4018782036156,3.01330860006032,1.06570978967821,0.0280427265206425,0.0842971918550677,0.0769950818720226,0.0509357933699384,57.581
2021-03-01 12:27:20,-35.6492318007018,-21.2165919440525,1,1.10349032924376,0.026924736923307,0.0624111636804351,0.0226252321582392,0.0351402533882338,66.603
2021-03-01 12:27:06,-40,-23.2487487864119,2.57255543532541,0.99720024029991,0.0535857885138853,0.0769803429422562,0.0367090389350225,0.0859676800658288,64.424
2021-03-01 12:26:50,-40,-30.370566437922,4.7548571117925,1.08243442152371,0.048418783846003,0.0882213711763192,0.0253072209101538,0.0330481112962812,62.107
2021-03-01 12:26:35,-31.8417277406562,-37.1844662207142,3.94370888692583,1.09834556823803,0.0671352498074553,0.0645055596215803,0.0515559395671261,0.0555792527311575,70.594
2021-03-01 12:26:20,-40,-32.8889509558849,4.85739374905244,0.952221347678532,0.0785828662176182,0.063445071537069,0.0478378006497077,0.0515722212505406,71.741
2021-03-01 12:26:05,-40,-21.0081583094797,2.6639217805972,1.09801219033414,0.0668737123774091,0.0666700493214322,0.0203531356191535,0.0428836329171529,65.074
2021-03-01 12:25:50,-34.856518938852,-20.4203568978773,1,1.06398134087387,0.0319695064045283,0.066400107661152,0.0506729121111736,0.0486404234157432,57.358
2021-03-01 12:25:35,-33.0740650507636,-24.0446247982539,6.59206178490403,1.13837409834442,0.0578317075109258,0.0915148470420669,0.045617944582937,0.0435778151143944,86.697
2021-03-01 12:25:20,-40,-21.4377979037883,1.01294933747114,1.05192430321553,0.0434387258283592,0.0728566508692177,0.0448650556623018,0.073431776238946,58.168
2021-03-01 12:25:05,-22.7341246967751,-26.1345026634765,4.79105649414633,1.00384470312968,0.0836836918648787,0.0740953120269411,0.0510593281396724,0.0661274053403656,59.37
2021-03-01 12:24:50,-40,-22.6831793412713,4.49389925835897,1.00884783717638,0.0546184740248122,0.0687753904346822,0.033499692719297,0.0833381318631237,62.004
2021-03-01 12:24:35,-39.5226237259759,-40,1,1.08799196171336,0.0397870149601129,0.0652317799006519,0.0605385562808801,0.1,60.876
2021-03-01 12:24:20,-32.5744012077429,-27.7141647571995,4.17022396986604,1.03533418385314,0.051052993497351,0.067045978592083,0.0147148705191471,0.0587652683507908,57.64
2021-03-01 12:24:05,-30.1020445022101,-20.6368575426698,6.94403121704623,1.16542392234986,0.0543499675799353,0.072267858776489,0.0504022291019572,0.0517695014637104,103.41
2021-03-01 12:23:50,-39.550713656037,-24.276521528586,5.15520307458994,1.04309501176921,0.0415578730373774,0.0805260957258949,0.0443778854462318,0.0359737679084692,58.71
2021-03-01 12:23:35,-33.2902357597091,-16.3683855309129,6.49600414780362,1.09599033185145,0.0929329964176088,0.0566967026001238,0.0640425280164116,0.058399740758665,72.264
2021-03-01 12:23:19,-40,-40,2.87422679386165,1.04408246458972,0.0785674227777037,0.0725663670792334,0.058861095038711,0.0618368946996046,60.48
2021-03-01 12:23:04,-36.939058033134,-40,6.0850081997184,0.981726044987478,0.0877529047947073,0.09501865890557,0.0307822994774892,0.0573806566565734,68.427
2021-03-01 12:22:49,-33.3449271891536,-28.5898347777848,4.08968926144271,1.0540680417002,0.0738771075081667,0.0731288933418319,0.0475723016139915,0.0519418420904783,60.228
2021-03-01 12:22:33,-32.0312864060169,-40,1,1.04713064591027,0.0805766073163102,0.0684595615532144,0.0265155404609841,0.0668318246842154,61.025
2021-03-01 12:22:18,-27.4150043140588,-28.4189473469973,3.99170695530588,1.02712788694842,0.0727913402391254,0.085564374068966,0.0354627176678947,0.0960860741330675,60.03
2021-03-01 12:22:03,-33.142862781979,-18.1861848365681,3.79628493898667,1.11648979997808,0.0921839744724416,0.0899056232470877,0.0568291293754153,0.0685512439747054,78.195
2021-03-01 12:21:48,-40,-25.9781109154649,6.60015524718288,0.962000657310715,0.082727763576298,0.0965520531331679,0.0322398160191998,0.0492778061930278,68.306
2021-03-01 12:21:33,-39.9199957395356,-21.8905289903979,2.57792953505919,1.08549316016391,0.0748038370976884,0.0342889489059464,0.0887238138749794,0.0359806857242677,60.532
2021-03-01 12:21:18,-40,-40,5.09845677115953,1.00586989979644,0.0516551344414402,0.0790602478210635,0.0429015305867837,0.0372075481297412,64.923
2021-03-01 12:21:03,-36.7743804078107,-24.4080699723433,4.05398044744856,0.975710961222314,0.0335801812217966,0.1,0.0470800018581715,0.0907087355562125,65.54
2021-03-01 12:20:48,-22.6561284085112,-40,6.80388942883346,0.996196714209019,0.0618985580632733,0.0497611643397207,0.0574199023612952,0.0551913592573717,62.181
2021-03-01 12:20:32,-40,-23.4226206739515,1,1.1742370713722,0.0755739815608577,0.0793358884916407,0.0205750192915295,0.0464467452740376,99.788
2021-03-01 12:20:17,-40,-31.658044534709,1.00231323948002,1.02244231237402,0.0404879021657291,0.0788855440582403,0.0295817868374757,0.0471277619187127,62.368
2021-03-01 12:20:02,-26.3139852408017,-30.3613166634051,8.05022850067011,0.892891713028591,0.0424288180908081,0.0820021408497524,0.0781186367542218,0.0849564510036905,72.894
2021-03-01 12:19:47,-38.0030256620541,-32.0858753959644,4.30286696011998,1.10092169220574,0.0537624896584431,0.0830316721110704,0.039358529128104,0.0833563535344178,65.529
2021-03-01 12:19:32,-37.4951013856302,-34.8927064726934,7.96440830635426,0.937608511326667,0.0504268545339006,0.0707806828344342,0.0801736516174033,0.1,74.115
2021-03-01 12:19:16,-35.4411873986812,-25.0689510250081,3.37100123146992,1.07014672699258,0.0947835354220734,0.0979012908107778,0.0551080893851739,0.0597828133745843,60.655
2021-03-01 12:19:01,-31.1746924746596,-26.2317217314899,6.96017010202029,0.836306538629314,0.0547232006158455,0.0964237111664846,0.0265485645660035,0.0848962750154015,75.098
2021-03-01 12:18:46,-40,-27.4589293276644,2.5317986989072,1.03846955677838,0.0497467948915976,0.0573435872116263,0.0601854010939489,0.0412992976794115,60.109
2021-03-01 12:18:31,-40,-27.9199457655493,2.34016057029887,1.08945277066028,0.0722451905237451,0.091074195427973,0.0437576989489003,0.0359906788480307,62.177
2021-03-01 12:18:15,-37.2744386916055,-40,1.44301937443674,1.06395542649761,0.0325478463845893,0.0801132638599907,0.0427924294539789,0.088491921103325,60.629
2021-03-01 12:18:00,-40,-38.5830873453727,7.02776315615401,1.02450976465374,0.0744802658961211,0.0861940396773783,0.0314429226420794,0.0343495088446274,61.513
2021-03-01 12:17:45,-40,-28.9399951279786,4.20896124109682,0.925351607872654,0.0572980190468232,0.0879737407117942,0.0726448918880791,0.0449862622335057,77.04
2021-03-01 12:17:30,-40,-32.1313207912122,3.79494344076953,1.02794952879691,0.0876849234083868,0.1,0.039753527043488,0.0587094087775356,62.534
2021-03-01 12:17:14,-40,-40,1,1.16788727425904,0.063793677233244,0.1,0.0334932474020575,0.0304191541483506,91.737
2021-03-01 12:16:59,-40,-27.9793801153313,3.8727384571632,0.852297535800547,0.0608038127627762,0.0723023327756474,0.0297765539383916,0.0761473387848038,77.244
2021-03-01 12:16:44,-33.2100088394266,-38.6235241223342,7.04026484982391,1.00409153137805,0.039658521528749,0.0580043654146909,0.0380836265001117,0.0813674255143852,63.105
2021-03-01 12:16:29,-40,-33.8764350025383,4.47708652664619,1.13365369676081,0.0282852105766909,0.1,0.0645974489939312,0.0033463453645247,75.019
2021-03-01 12:16:14,-40,-37.3615222888074,5.11911752415519,1.10699979557279,0.0336678431114651,0.1,0.0531085920854216,0.0243210638452455,65.392
2021-03-01 12:15:59,-39.5574402657893,-28.6844944008837,3.10167140144942,1.08977914087271,0.0767087212239159,0.0834092917543161,0.0503309468040715,0.00432411995322657,61.246
2021-03-01 12:15:44,-39.9052668145416,-40,4.94686288211027,1.05692282019657,0.0524488675604361,0.0713234965745597,0.0557562174132815,0.0591637561049912,59.083
2021-03-01 12:15:29,-32.708854085464,-26.762010781585,8.31616205320825,1.16217683467058,0.0544823747093114,0.0914210675544039,1e-05,0.034075274183156,120.78
2021-03-01 12:15:14,-40,-39.026231756857,1.74692942097578,1.02284427562298,0.0728429084894236,0.0627803150951042,0.0440822763004721,0.0624471952066798,62.53
2021-03-01 12:14:58,-28.0174695443244,-23.0322154178757,8.79944479762088,0.940791895303675,0.0691003350447229,0.1,0.0696134452800734,0.0141347139490227,67.638
2021-03-01 12:14:43,-26.1961073068178,-29.4353786018025,4.54771959678654,0.95602809252594,0.0406153270875553,0.0603696070910609,0.0324450601149035,1e-04,66.693
2021-03-01 12:14:28,-36.6901737783042,-23.6760007268558,6.60206994067431,0.941623177142526,0.0704234396091291,0.1,0.0379393091386134,0.0325454548641157,72.909
2021-03-01 12:14:13,-40,-17.458006296965,10.0488431461256,0.949127661422932,0.0910608158169897,0.1,0.0373980155163824,0.0498416285371509,68.221
2021-03-01 12:13:57,-37.6808817930155,-28.5341263142329,8.47636964036187,0.955734913820075,0.00437255422290382,0.1,0.0219485849552064,0.00124759373809255,67.559
2021-03-01 12:13:42,-40,-28.363137812221,1,0.981179834661518,0.0958682488754979,0.0816214979739729,0.030631678072953,0.0138529920002696,68.395
2021-03-01 12:13:27,-30.7061572375635,-25.5179641829223,8.85271337175601,1.00324670805405,0.037961888725512,0.0813825128659484,0.0678942586691756,0.0261260752473188,59.97
2021-03-01 12:13:12,-36.8845522778964,-32.9347645958112,4.7691572575336,1.0837983621767,0.062712574151761,0.0930871915897595,0.00467018819400431,0.0264637252555982,64.527
2021-03-01 12:12:55,-40,-14.4657869319036,1,1.11205464372921,0.0718799221081224,0.1,0.0137412346152188,0.011514376070637,69.877
2021-03-01 12:12:38,-40,-24.8301324761086,1,1.10947843054516,0.0872090133415348,0.0951846781337269,0.0112747747618075,0.0543212730306976,70.45
2021-03-01 12:12:18,-40,-32.3027132451431,2.66983587439713,1.03612455458899,0.0700424654416131,0.0937007502151241,0.0630033953734611,0.018775582414436,60.459
2021-03-01 12:12:02,-40,-29.4604874509003,5.17181525915439,0.919089588669982,0.0524212214351807,0.0812400468961445,0.0983047077521053,0.00108969033469463,74.074
2021-03-01 12:11:47,-33.7119373164655,-21.8121064099806,8.17719438645081,0.883949482649601,0.0368010445954005,0.0951481153797397,0.0789077224946787,0.0416209093555295,75.978
2021-03-01 12:11:31,-39.7193587604817,-18.6301173725947,7.75500099756788,1.01946876350746,0.1,0.1,0.0193232949482752,0.032068724379321,60.48
2021-03-01 12:11:16,-33.6664503859372,-25.9214390135058,3.19025526166231,0.957855050756037,0.0220573041023928,0.1,0.0262212760891115,0.0314342947190864,67.874
2021-03-01 12:11:00,-40,-31.8144367777687,5.81590187191356,1.00683425466585,0.0794237249437429,0.0663837450585462,0.0068799501399715,0.0201517868232238,63.33
2021-03-01 12:10:45,-28.8638436192563,-37.5964479568533,6.79590961022798,1.19182652067145,0.0463177886940424,0.0674544847238805,0.0819902612853452,0.00871917124855365,115.39
2021-03-01 12:10:30,-40,-19.988390523535,1,1.0480981821838,0.0411110630719036,0.0915341314457229,0.0450059919251661,1e-04,57.862
2021-03-01 12:10:15,-40,-33.0729558514197,2.03337150862293,1.10462186541194,0.0531376519245804,0.071741369768374,0.051615482551926,1e-04,64.783
2021-03-01 12:09:58,-40,-33.2987020580854,6.45515669035294,0.925604339120134,0.0479038133203744,0.0908459544858795,0.0428203320458291,0.0463955267805594,76.09
2021-03-01 12:09:43,-37.4450513865244,-28.7690270964097,3.56161809824389,1.05048995921176,0.0788711960820291,0.1,0.00354253080630574,0.0227393716425806,58.395
2021-03-01 12:09:28,-20.8392131207877,-18.1185002465454,2.87111429194179,0.92806714929303,0.0736539927968065,0.0838032964733377,0.0457227821281501,0.0424357300656798,68.438
2021-03-01 12:09:11,-36.705856112739,-40,9.35572283868811,0.94484252165304,0.0868858123791399,0.0770937378750302,1e-05,0.00391555809679632,67.099
2021-03-01 12:08:55,-39.2844826411924,-33.2113210978059,11.9270951442713,1.02890490454551,0.0647721909221478,0.1,0.0353016005056946,0.00481619587381531,59.902
2021-03-01 12:08:39,-40,-19.7899469796677,2.33360289714455,0.852932606523842,0.0608871164796501,0.0784193777836911,0.0551280497151272,1e-04,77.277
2021-03-01 12:08:24,-34.7847127268634,-36.7859091410309,10.9033394156907,1.01860368826667,0.0530735015155825,0.0985546060942458,1e-05,1e-04,59.731
2021-03-01 12:08:09,-40,-34.8684372628713,1,1.14149427507756,0.04890948031168,0.0555414147451939,0.0122045971201524,1e-04,79.938
2021-03-01 12:07:53,-34.2791826273809,-27.7710103552515,1.06835889639293,1.0666498100437,0.0661573252111364,0.0742815417938398,0.0195085634318293,0.0104878838348096,59.677
2021-03-01 12:07:38,-40,-9.71997839771094,1,1.06950568530703,0.0591864929879197,0.0735758565953651,1e-05,1e-04,64.525
2021-03-01 12:07:23,-24.9157833004203,-9.12318949485963,6.69907777438528,1.0261605568075,0.0305302148501142,0.0698303097207689,1e-05,1e-04,63.545
2021-03-01 12:07:08,-36.4527081598888,-30.487477720845,10.0854515703567,0.963816633660224,0.044190041914853,0.1,0.0186090110518769,0.0289999569203429,69.089
2021-03-01 12:06:53,-29.8127754084786,-6.95593356443811,2.72566406400351,1.07949689839137,0.0848584087973184,0.096929512780742,1e-05,1e-04,84.399
2021-03-01 12:06:36,-37.8626108795036,-14.8983286687397,2.94040319835021,0.968374624906247,0.0291043923686574,0.0630580776772921,0.0210525075698528,0.0416412719943477,66.119
2021-03-01 12:06:20,-24.3906800827521,-17.8368783584554,12.4479135590585,0.878497024682148,0.1,0.0857564792934969,0.0438278158137804,0.0364534825446088,71.335
2021-03-01 12:06:05,-40,-21.2393016304349,5.71124525085718,1.02995117851628,0.0605099316839065,0.1,0.0491909152874765,0.0138613622524618,60.676
2021-03-01 12:05:50,-24.3913718277896,-25.7050843979236,5.25918468407452,0.96088433245843,0.0535995776215071,0.0892793116021711,0.0759456803090439,1e-04,65.274
2021-03-01 12:05:34,-34.2053996738486,-17.8487764012334,3.59458885186795,1.0026207482415,0.0557695595747815,0.0743575582148641,0.0163523263557498,0.00382744343532126,59.679
2021-03-01 12:05:17,-34.7134990793452,-13.528500972378,1,1.10695419818477,0.0826071993272969,0.0925083933452684,1e-05,0.0135796467800009,88.89
2021-03-01 12:05:02,-37.7981840752713,-38.1891350783371,6.71508504579275,0.977697528078212,0.0798893092711125,0.0847490026099249,0.0912945967519882,1e-04,69.35
2021-03-01 12:04:47,-40,-28.9703087061489,5.97497434827339,1.00362491108444,0.0493154105602339,0.1,1e-05,1e-04,61.376
2021-03-01 12:04:32,-40,-11.1207987126982,1.90611675071792,1.19861222578012,0.1,0.0725871663544685,1e-05,1e-04,138.54
2021-03-01 12:04:16,-30.3396330978076,-5.84337594518909,8.08785964311642,1.02272022314291,0.0518790136263276,0.1,1e-05,1e-04,60.626
2021-03-01 12:04:00,-35.7535918632971,-2,10.2154499931248,0.856023764838269,0.0982812380308198,0.1,0.0395372166345082,0.00712097780134603,72.444
2021-03-01 12:03:45,-20.3771574634498,-2,5.89965583611189,1.06061077242737,0.0975778716064136,0.0985423913205033,0.0412139413926513,1e-04,80.253
2021-03-01 12:03:30,-23.6836293569506,-3.75470463606818,11.873087028429,1.18255744719546,0.1,0.0437012099925601,1e-05,1e-04,167.08
2021-03-01 12:03:15,-33.4591723457253,-11.7757764240999,1.92602107675067,0.920671973869445,0.0439200462256104,0.0474273524878217,0.0114667412697461,0.0418143038661778,69.173
2021-03-01 12:03:00,-12.6755079476473,-2,13.0224513866959,0.894296170404871,0.0481579035407434,0.1,1e-05,1e-04,61.491
2021-03-01 12:02:44,-39.204826225045,-2,3.68212441462021,1.05045501001812,0.0978846039661472,0.0831712542253491,0.0320657672841388,0.0116043922476541,57.942
2021-03-01 12:02:29,-16.3100242755182,-13.9376169823025,7.37658838358517,0.936970298705757,0.0913705452663529,0.096806939024341,0.0394006553859716,0.0147663347974513,62.104
2021-03-01 12:02:14,-16.7052403263352,-2,6.16879430417569,1.09535736726687,0.0565513582217568,0.1,0.0369385113358639,0.0638244274279637,106
2021-03-01 12:01:59,-21.8149600421497,-28.4521102042177,5.24769767755001,1.04198966746473,0.0756398096710233,0.1,0.0119841142755962,0.0752216109590793,66.736
2021-03-01 12:01:44,-39.7272554680435,-24.158183715503,5.42436371571903,1.05888533723371,0.0653886730058439,0.0793765827199547,0.00357193126272899,1e-04,57.579
2021-03-01 12:01:29,-36.6441916377687,-7.76364123218069,8.84861419415384,1.00095860320065,0.1,0.028859106647063,1e-05,0.0533513418214384,60.252
2021-03-01 12:01:13,-30.7003206414701,-2,8.5882305233804,1.12464041692424,0.0734110118832775,0.0661088417693072,0.00953637494209622,0.0541719709927882,96.519
2021-03-01 12:00:58,-29.3773768591682,-2.336215278332,7.05616718461605,1.00442798580743,0.0601349798576038,0.1,0.0296076042368175,0.00365948791700779,58.489
2021-03-01 12:00:43,-8.17982874770549,-25.3588426265631,7.83770911844388,1.07859568854972,0.0328404768205763,0.0744261966024482,0.0390958669434113,0.00638999809907899,117.24
2021-03-01 12:00:28,-21.620007129074,-18.6559008500998,4.85107893454418,1.13382598224529,0.0112932764459,0.0758493430525833,0.0395328938101197,0.0346107350878589,110.27
2021-03-01 12:00:13,-2,-2,10.8850229907342,0.923430281831935,1e-04,0.1,0.0342971640616178,1e-04,123.54
2021-03-01 11:59:58,-19.9598728362716,-10.2087940922163,10.5450443906986,0.945055827404004,0.071365922200111,0.0578912299053831,0.0394107717007406,0.0650250420185657,61.191
2021-03-01 11:59:42,-9.02971360811311,-14.0989911387605,7.11887871432198,1.02153344161042,0.0490268135777504,0.062945896663285,0.0706246416920371,0.0802946992605112,89.497
2021-03-01 11:59:27,-11.2812078445882,-5.62378317883377,8.90794475855147,1.02935097748854,0.0151144207384896,0.0755185436836402,0.0381090201175457,0.0156009904533722,87.486
2021-03-01 11:59:11,-29.5371584533696,-6.93599615334678,7.60603134396339,1.0075414522075,0.0377720984527737,0.0800801952194345,1e-05,0.0370964942924507,58.461
2021-03-01 11:58:56,-35.4184509112035,-12.4481657083938,7.1319069256638,1.01267155953099,0.1,0.1,0.0159045764763285,1e-04,60.527
2021-03-01 11:58:41,-21.9410353356135,-15.8769609166414,5.08842495552434,1.11993363044403,0.032246521905599,0.0848307274496164,0.0369236395264448,0.0032981195211822,95.225
2021-03-01 11:58:25,-5.41704786722763,-15.7170695928344,7.50115935709446,0.853367888925452,0.0837990702285901,0.1,0.060913256028587,0.0462345800006238,62.151
2021-03-01 11:58:10,-7.49601234400832,-2.00022010225405,12.9003417850801,0.947628577227096,0.0626934893580745,0.1,0.1,1e-04,68.915
2021-03-01 11:57:54,-21.9487446889637,-21.1735342746214,6.31795429053976,0.8,0.002040063079989,0.0699582416613787,0.0830638734448557,0.0600971352496224,73.343
2021-03-01 11:57:39,-7.73094569343715,-5.99874041111276,12.87409133231,0.920787178091847,0.0273072127240133,0.0832635601118585,0.0250441478086652,0.0185503612344696,57.329
2021-03-01 11:57:24,-15.873643611554,-21.2456328462664,12.814114778702,1.0937407655239,0.0230071630344481,0.0861166236041765,0.0438171231857494,0.0672932265622629,99.575
2021-03-01 11:57:09,-16.5305241337436,-16.6406853907954,1,0.8,0.0512753847579812,0.0409358443150595,0.0691823166542062,1e-04,71.859
2021-03-01 11:56:54,-30.1706507396985,-2,5.55896348707511,1.0059366021178,0.0912158004685621,0.1,0.0459189530241159,0.0609206460853411,60.195
2021-03-01 11:56:39,-19.1541216053794,-36.4906096869704,7.79168697556481,1.01967525182061,0.0136758839761611,0.1,0.0649678036394134,0.011855967013298,62.918
2021-03-01 11:56:24,-22.2157675248552,-13.1698707797205,7.18401393477823,0.959897442258433,0.0395282928562421,0.0801806043179386,0.0509653282422741,0.00594593994978251,61.329
2021-03-01 11:56:08,-16.33571024188,-17.1854355925696,10.1997432599403,0.844204247277964,0.0150451868575432,0.1,0.0481919040961401,1e-04,68.36
2021-03-01 11:55:53,-14.9632057812531,-21.4444204801669,1.08932498989737,1.0273708049463,0.0901425835817972,0.1,0.0475857514280021,0.0126601941429313,70.786
2021-03-01 11:55:38,-2,-34.7036000705939,7.33041629600449,0.8,0.0922335884433762,0.0566174457175643,0.0427614731552028,1e-04,94.152
2021-03-01 11:55:23,-11.7222485079439,-13.9245842475755,4.68363076537659,1.00130187496025,0.0506468044356447,0.0682432233558799,0.0919507260408891,1e-04,67.54
2021-03-01 11:55:08,-8.3921737823646,-11.5300097174454,5.70989343716215,0.893440260180059,0.0604363866328719,0.095118701805552,0.0795941992192152,1e-04,57.648
2021-03-01 11:54:53,-3.03635557185815,-12.3315454080765,5.71962756167337,0.8,0.0660463793991293,0.0569074647853743,0.0571615933230559,0.000350538762735275,76.767
2021-03-01 11:54:37,-19.4666246703431,-2.31195100329846,3.59615592541092,0.8,0.0335859257645815,0.0672666354308997,1e-05,1e-04,65.643
2021-03-01 11:54:22,-2,-28.1471745572743,5.79089505038941,0.93569700190097,0.1,0.0472683460025727,0.0334294692081922,0.0298060886320061,119.01
2021-03-01 11:54:06,-15.4257192672986,-11.8596602661497,4.4621015734284,0.873950380278477,0.087620457662963,0.0124784714233363,0.1,0.0309921640379973,66.4
2021-03-01 11:53:51,-17.7221377119058,-17.1555289705064,11.3352143858626,0.943291418387581,0.0721946512503891,0.1,0.064549343418226,0.1,61.268
2021-03-01 11:53:36,-28.11556427207,-7.07874693580177,1,0.856467883162625,0.0987466835094127,0.0873687002327888,1e-05,0.0298504611059285,69.967
2021-03-01 11:53:21,-2,-10.8714370256255,5.05711067499994,0.996480627923859,0.0930660740593571,0.1,0.0635433239788025,1e-04,155.13
2021-03-01 11:53:05,-10.2790129966256,-24.0221543382759,9.90888213442249,0.8,0.0883368882983106,0.0830380396749123,0.080029050099803,0.0718321480092053,63.005
2021-03-01 11:52:50,-12.1262109433145,-5.0498284372741,7.1615406984572,0.830265920681187,0.1,0.0891650433276502,0.0535491370037069,0.06790259794703,64.206
2021-03-01 11:52:34,-26.6932647202615,-2,15,0.8,0.1,0.0953150758943447,0.0735007067314877,0.1,71.819
2021-03-01 11:52:19,-25.0716961610843,-33.4948892143671,6.67308573194921,0.896913521027444,0.0600212229865204,0.0616642922227939,0.00918226991935909,0.0472642501460076,71.419
2021-03-01 11:52:04,-22.1182913551691,-25.3321891666691,13.1118487893938,0.861043846583394,0.1,0.0596193383210515,0.0362524033310764,0.0977734290008275,71.7
2021-03-01 11:51:48,-31.2809941880384,-2,6.33719290829286,0.828576290861912,0.1,0.0566055069320277,0.05244327637091,0.0707494110379516,75.402
2021-03-01 11:51:33,-16.3424460245472,-2,8.26515968051284,1.03007216786337,0.0986285303630636,0.0478678194642461,0.1,0.00906348806849206,75.728
2021-03-01 11:51:18,-13.132303789586,-7.92011605212072,8.25583957718754,0.89654903700422,0.0837337810805335,0.0368281532132377,0.0663051754147441,0.01512004022432,62.437
2021-03-01 11:51:04,-6.90955671558004,-9.6341725709018,8.0336318721472,0.8,0.055043261430074,0.1,0.052236172915865,0.0167472751186905,59.258
2021-03-01 11:50:48,-2.70602784376315,-15.6852170369074,9.96959327279335,0.882005705285014,0.0868407563453675,0.0888064794693465,0.1,0.0160093572154496,83.47
2021-03-01 11:50:32,-12.4465249717398,-20.3691348414509,15,0.8,0.1,0.0789451658776039,0.0561168345066016,0.0767635577221124,64.709
2021-03-01 11:50:17,-29.807840519762,-12.6398622256535,15,0.898777766951588,0.0735941224199053,0.0181557729645014,0.1,0.0883824234084404,69.55
2021-03-01 11:50:02,-19.7773432030009,-2,15,0.8,0.1,0.0579320659821397,0.0493837664479999,1e-04,70.181
2021-03-01 11:49:47,-13.3069445019624,-2.70443485266958,6.23242295831097,0.8,0.0753051278366089,0.1,0.0415096142829643,0.0442561670773912,65.977
2021-03-01 11:49:31,-29.5841852326264,-2,15,0.8,0.0676208036670662,0.0758665345718064,0.062226007740894,0.0361484077571068,72.08
2021-03-01 11:49:16,-40,-9.25045429003327,3.93387948335908,0.932817260367558,0.0778977188230721,0.1,0.1,0.00867344435690012,72.739
2021-03-01 11:49:00,-28.2171050817009,-2,15,0.8,0.1,0.06745008961578,0.1,0.0621030655115369,72.196
2021-03-01 11:48:45,-14.4277674820596,-2,4.25758925466832,0.831475857402837,0.0943385343156553,0.0565111188798778,0.0704755628535745,0.0927397001023926,64.205
2021-03-01 11:48:29,-2,-7.63607114762326,3.02417588697634,0.8,0.0435119999133978,0.0628402760513678,0.0673514559330585,0.0121211633144367,96.548
2021-03-01 11:48:14,-30.1725280431455,-2,7.70622829578553,0.8,0.0725890417495769,0.1,0.1,0.0267466424674155,75.17
2021-03-01 11:47:59,-14.4792920781868,-18.0144728924942,1,0.8,0.0430059894453216,0.0562929000024161,0.1,0.0689558714629135,71.259
2021-03-01 11:47:43,-21.52513754975,-6.64407173363358,1,0.82112048962056,0.1,0.1,0.0674617006134412,0.0773798823149621,73.094
2021-03-01 11:47:28,-33.9433519545529,-8.38990425177392,10.7024209109771,0.876774519096274,0.1,0.0665944841908759,0.1,0.1,70.359
2021-03-01 11:47:13,-15.1391255970122,-2,15,0.8,0.094926527840469,0.1,0.0697337878269956,0.0442503673880559,68.419
2021-03-01 11:46:57,-2,-29.7057171987244,15,0.947124817505724,0.0593312094842246,0.1,0.0620174661264659,0.1,122.51
2021-03-01 11:46:42,-10.2877307049067,-2,15,0.8,0.1,0.1,0.0619686393673574,1e-04,61.619
2021-03-01 11:46:26,-2.61509668816606,-2,3.89286249509891,0.996709004478056,0.0103345384427673,0.026118689299395,0.1,0.1,144.66
2021-03-01 11:46:11,-31.8568157562851,-9.54843882751188,3.32146535186876,1.2,1e-04,0.1,0.0336028872848145,0.0632521078469127,131.25
2021-03-01 11:45:56,-23.6044199142899,-35.7586516248741,10.0401751264142,0.8,0.1,0.0562123916549568,0.0150025997367695,0.0543276281066501,76.522
2021-03-01 11:45:40,-5.98948953598365,-10.3833198563492,8.74223295627925,1.04884436890842,1e-04,0.0388676479082324,0.0437821045572342,0.0654987025324842,135.86
2021-03-01 11:45:25,-18.8233120206938,-6.74521184174334,15,1.2,0.034646405977103,0.0538329218912512,0.1,1e-04,142.03
2021-03-01 11:45:09,-28.2139717978582,-30.7048027947145,6.49923684070104,0.8,0.0422152595950485,0.0931092319184758,0.0807080096726036,1e-04,75.597
2021-03-01 11:44:52,-38.3502722935374,-12.8093771267462,15,0.8,0.0979921352032989,0.0730680091836124,1e-05,1e-04,70.327
2021-03-01 11:44:36,-13.7876868958634,-2,6.27514077941653,0.8,0.0857661639936521,0.1,0.0606677599795281,0.0331136246871725,63.344
2021-03-01 11:44:20,-39.2984699412184,-2,3.04526624419735,0.821170134600409,0.0630932622340845,0.1,1e-05,0.0498601352306396,70.288
2021-03-01 11:44:05,-2,-21.3359356028624,12.7060669956288,0.8,0.031797754778695,1e-04,0.0136819023373004,0.0794273819086918,90.488
2021-03-01 11:43:49,-2,-30.3651947129859,15,0.8,0.0108056890721304,0.1,0.0787141503690049,0.1,94.106
2021-03-01 11:43:34,-9.09426177864936,-2,15,1.2,1e-04,0.0417591736044631,1e-05,1e-04,195.78
2021-03-01 11:43:09,-8.44435041605024,-2,12.2285326290066,0.892770144132579,0.1,0.0780458630053813,0.0762523470407402,0.1,58.124
2021-03-01 11:42:46,-2,-40,9.06305658630881,0.8,0.087252677339884,0.0451324563366993,0.1,0.0236282816972309,92.678
2021-03-01 11:37:07,-33.6269705555152,-9.2467789038109,13.0875200267286,0.980413397509651,0.00980782382231239,0.0146472361369468,0.0295573453990199,0.048084401118849,56.917
2021-03-01 11:36:51,-20.22442857394,-9.53064406549574,11.1154361268082,1.02962825628843,0.00649924226572209,1e-04,0.0236823075336254,0.0159100781238869,63.76
2021-03-01 11:36:36,-19.4436241217343,-8.19456955612591,12.3126253906941,0.967233217810643,0.0059911826129748,0.018892914003989,0.0129180145606254,0.0505045155576158,54.344
2021-03-01 11:36:21,-27.754499607281,-12.1863706008871,10.9318864799797,0.941132076069496,0.00100175246346577,0.00534590379041101,0.0209047758323203,0.029659847566447,61.043
2021-03-01 11:36:05,-24.6071090106878,-5.06931090407307,9.64769534431258,0.927344768722435,1e-04,0.00403980775266747,0.0112693000352097,0.0124574289134024,62.097
2021-03-01 11:35:50,-20.9310655277541,-4.43547086055558,13.3323895030998,0.974285464477866,1e-04,1e-04,0.0221231072260909,0.0435215500473479,54.93
2021-03-01 11:35:35,-26.727820884523,-4.41574551949186,7.46179789994278,0.907151944471063,1e-04,0.0228525714688382,0.0283982686489383,0.0436804440516391,68.896
2021-03-01 11:35:20,-21.758312494334,-9.05509693800296,9.78527068489511,0.990392882338362,1e-04,0.00478701531846633,0.00722467567553651,0.0480967190622338,52.222
2021-03-01 11:35:05,-30.2110702574241,-9.97524668167065,12.4794482226335,0.952059427969545,0.002980352565948,1e-04,0.00932917293080072,0.0362180893708463,59.166
2021-03-01 11:34:49,-19.046732824467,-6.88074352569126,9.6535450274965,1.04419263931879,1e-04,1e-04,0.0122174451406105,0.0474469102704286,71.367
2021-03-01 11:34:34,-32.099333769527,-9.93837905886233,11.1403446932591,1.00287806849578,1e-04,0.0203669346523799,0.0173258098084776,0.0198227813273855,52.07
2021-03-01 11:34:19,-25.4674105177603,-7.11374873660645,11.1161641954508,0.945093777400128,0.00548312514793023,0.00612860825634082,0.0312409288234628,0.0480120213378494,62.139
2021-03-01 11:34:04,-27.0113491382943,-10.6695735907969,12.7744933249661,1.02848722614375,0.0106475556297716,0.0157818277559139,0.0304067836784504,0.030055545339954,54.264
2021-03-01 11:33:49,-27.3983397552108,-2,9.66090654989186,1.03407141321226,0.00823753563937763,1e-04,0.00193073512551887,0.0495563269166457,58.789
2021-03-01 11:33:33,-22.6378080666261,-2,11.5443534284858,1.00054773439834,0.0151194306248622,0.00569602457654754,0.0219991255990143,0.0394560236396357,52.406
2021-03-01 11:33:18,-29.4036188989257,-4.34808560328502,13.2661524108644,1.02340813049141,0.00618229982230431,0.00997145456433014,0.0163627204184253,0.0597593123206975,55.788
2021-03-01 11:33:03,-22.7418337331312,-10.2583744791445,11.8062020084967,1.03550763891924,0.0181567541314836,0.0280800175825555,0.0455467846957935,0.0579423607172101,59.748
2021-03-01 11:32:48,-28.0220535744003,-12.0664102507935,11.0904594113448,1.00617989876658,1e-04,1e-04,0.0151515385479206,0.0486275884408368,52.571
2021-03-01 11:32:33,-28.8677681919512,-11.7578484215288,12.5103123866505,1.0390590550095,0.0181127073837958,0.0177952797247389,0.0120451085802036,0.0367505259166373,55.774
2021-03-01 11:32:17,-28.5392515946595,-5.29490602666315,12.4753703038561,1.00665985009446,0.00822065191667024,0.0143936073800047,0.0321378207138288,0.060663185931557,54.513
2021-03-01 11:32:02,-33.554414301925,-8.33286407167162,13.2997670398872,1.00047994797204,0.00274225237172691,0.000262452917846723,0.0353144094453948,0.0338523767466625,56.104
2021-03-01 11:31:47,-26.745416053957,-5.85621136882754,12.645621510653,1.04145867031453,0.00590643844728529,0.00554842455477593,0.046934254844529,0.0533973934889385,57.047
2021-03-01 11:31:32,-23.8664263382533,-9.05214354288488,10.9578565646163,0.991940271877072,0.00876222420070368,1e-04,0.0211461279744915,0.0319645298821423,52.006
2021-03-01 11:31:16,-28.6691563466135,-6.34127499616754,11.4999993306358,0.99312401111078,0.00874579513559961,0.0159400207023276,0.0286039191033153,0.054445749122127,52.541
2021-03-01 11:31:01,-28.4228637886124,-4.75177051932418,13.1326251950332,0.994748187022713,0.0177281014193496,0.0101020064895815,0.0188514421647072,0.0480667638687623,53.321
2021-03-01 11:30:46,-28.5526440174657,-11.019808618242,12.5685436729815,0.998276809163787,0.0173726637586167,0.00332364350515388,0.0202215385889082,0.0556805738579209,54.121
2021-03-01 11:30:31,-29.8425441289436,-5.324123745174,15,0.941452160040252,0.0224203198562201,0.0101187920172155,0.0443348701372203,0.0465458046773029,65.735
2021-03-01 11:30:16,-23.8145869061237,-8.32398703997321,12.6938845064974,0.979573002329907,0.00696423298251786,0.00666141394594622,0.026344996734776,0.0456297918943547,54.837
2021-03-01 11:30:00,-24.5956998162032,-5.83820637636566,11.4361604717791,1.01388634228395,0.0107157630993576,0.0112221532020864,0.0409207777298763,0.0483446320379215,53.395
2021-03-01 11:29:45,-23.6601144285817,-13.6034770385304,13.7249662939774,0.955765970551177,0.0219590888662993,0.0118405219152959,0.0328364052770045,0.0491790097325387,59.305
2021-03-01 11:29:30,-33.6447915220342,-3.6904854301138,11.2933768631229,0.972198592928189,0.00931954159763849,0.00936694073430074,0.0271823785950825,0.0577665349785242,60.195
2021-03-01 11:29:15,-32.8479077604327,-14.6121499125353,12.0664670662475,0.92372098358758,0.00257923327045094,1e-04,0.0320567493393247,0.0487037837613102,66.415
2021-03-01 11:28:59,-32.4366583308538,-14.1890330787298,12.5185274407052,0.981605167984118,0.000255621751160803,1e-04,0.0285330738340353,0.0689853184114859,58.753
2021-03-01 11:28:44,-24.8267470663464,-9.84402282349904,12.6037455840375,0.949375063923333,0.0154781906148106,0.00933513073495071,0.0460433481445181,0.0453348758127754,61.703
2021-03-01 11:28:30,-35.2387636532743,-11.2029177436886,10.0520382671677,0.938499455358278,0.000891970324485975,0.0147312039212656,0.0294208023146013,0.0506014196587381,64.201
2021-03-01 11:28:14,-25.4862809077038,-7.45991632720097,14.0005867886176,1.06599039690976,0.00298622550173524,0.0134689081278175,0.0441957807354751,0.0668427419399636,68.439
2021-03-01 11:27:59,-23.4118625463154,-4.32549857953784,12.7172577820516,0.933290172414515,1e-04,0.00216788414302809,0.0523279777118843,0.0656028416647968,59.681
2021-03-01 11:27:44,-22.0326437282029,-8.62634012363179,15,1.02477720265661,0.0375177990893402,0.00948685152549081,0.048854834333003,0.0677681109204819,58.271
2021-03-01 11:27:29,-25.2762170430577,-8.02039236909504,12.7577882076267,1.00046842747856,0.00207627289831327,0.000210621948034059,0.0356988978202548,0.0492309652003166,50.701
2021-03-01 11:27:13,-24.302006016312,-7.75896992606085,12.3965316402953,1.02628583857006,1e-04,0.019355251616154,0.0435318103067454,0.0540082740626041,54.317
2021-03-01 11:26:58,-32.8718001469526,-13.5027434093497,13.050942021162,1.0111425867965,0.0100563398785456,0.0191467082587265,0.0282782470961507,0.0508913097107114,53.924
2021-03-01 11:26:43,-22.6871682450034,-3.4266976616761,9.41858380968737,0.934900152231353,0.00831624755797176,0.00922956830932554,0.0357038586401906,0.0424607734995921,58.201
2021-03-01 11:26:28,-27.8451107062686,-6.74417944235923,11.1166648199909,0.997833166429791,0.0188575575694188,0.0232867909890635,0.0478052720028477,0.0610616680373395,55.974
2021-03-01 11:26:12,-25.972518591783,-11.8405034366506,12.4815393097624,0.992683787388954,0.0018853772765803,0.00860944634317352,0.0572300724975434,0.0500233054539774,53.221
2021-03-01 11:25:57,-19.7910965409497,-7.90954594059746,12.1682751754744,1.00598653342106,0.0179769732645347,0.0201098141658703,0.0547849834353749,0.0321026234066853,56.077
2021-03-01 11:25:42,-27.7227729551172,-4.79350251825807,13.2334826785018,0.982573824022589,0.0379975222178483,0.0275013072558392,0.0634266814551424,0.0466759330330053,56.235
2021-03-01 11:25:27,-20.4913486170298,-7.64464078350803,12.2425607296179,1.02759121976345,0.00798938609460785,0.00538494912287904,0.0469164182150859,0.0662867895430246,59.654
2021-03-01 11:25:11,-25.7253451310387,-3.66001036130367,12.4421490611635,0.888221521682202,0.0231623621298022,0.0276997840572116,0.0426365950582357,0.0730761837106954,65.315
2021-03-01 11:24:56,-26.1435546939054,-12.4545059799669,13.540165693391,1.00183804066971,0.00130011811274921,0.00860336090496069,0.0436718210914081,0.0489545439685844,53.529
2021-03-01 11:24:41,-26.4557350559021,-5.81357996990387,11.2521720088681,1.0512045407558,0.021642938874181,0.0416831062852042,0.0445982092612429,0.0704516931873386,60.589
2021-03-01 11:24:26,-24.3583135678508,-2,11.0674026399044,1.07795455242402,0.00356175761029423,0.0265081046119585,0.0587491767318896,0.0433860530120501,79.826
2021-03-01 11:24:10,-20.5079203289828,-4.39600309238469,10.8251483697994,1.00031127429515,0.0162136556573022,0.0239455211822155,0.0451007041402274,0.0514056592741682,54.014
2021-03-01 11:23:55,-30.8076499238022,-18.4762748315149,13.299992982692,1.05651748702682,0.0111857095603294,0.0234671715344679,0.0609116518065325,0.0400684351433096,57.487
2021-03-01 11:23:40,-32.4446480387142,-6.00069832053569,9.90976674898526,0.984214990087313,0.0122386154649734,0.0243386381402939,0.0587266234256112,0.0682340285697668,56.275
2021-03-01 11:23:24,-25.5580673408949,-7.24065264381586,9.61019039292333,0.960092933215719,0.0154150128721612,0.00640079762400326,0.05062591064385,0.057877792557342,60.691
2021-03-01 11:23:10,-23.6010622838885,-5.40852998367709,12.4426287924788,1.02643023830119,0.0313270712994522,0.00196552131446324,0.0152895757184927,0.037366924979335,58.544
2021-03-01 11:22:54,-35.9557804828322,-3.24464857870255,10.4650296209732,0.928592434177096,0.0101152534537575,1e-04,0.0218910841626215,0.0723793691372013,68.455
2021-03-01 11:22:39,-33.836800135115,-7.96601726371467,12.6656966297424,0.989718542314487,0.00657058872289746,0.0152850418198193,0.0417567221380819,0.0515245447780338,58.512
2021-03-01 11:22:23,-28.8491769282722,-2.43599800442862,12.3006035804502,0.945086050664873,0.0126987840553184,0.00229218220262956,0.018509817883304,0.0643714005473575,63.448
2021-03-01 11:22:08,-25.94440738346,-7.06357208817881,11.8348663492825,0.987512467592727,0.0134898560255094,0.0183604460426843,0.0475711458432605,0.054223149044961,53.833
2021-03-01 11:21:53,-31.7642918487683,-2,11.1795463570907,0.974906542312811,0.0133162533223239,0.0224672525554828,0.016634624670675,0.0658075062547811,56.157
2021-03-01 11:21:37,-25.6380855859529,-4.1215373732612,13.450131446377,1.02570250077306,0.0136846206753676,0.0167122787368657,0.0252150098822622,0.0452919132145734,58.163
2021-03-01 11:21:22,-31.7106728341044,-12.6743033587761,13.3326863757326,0.996924336193668,0.0244155142229796,0.0204500539282822,0.0571054986644013,0.0872768153578936,55.849
2021-03-01 11:21:07,-25.1114238601952,-2,11.5503512535708,1.01766061042079,0.0237644462986418,0.0127514096900831,0.0681947543174904,0.0497943729301677,55.014
2021-03-01 11:20:53,-29.6158306739086,-4.51473537025992,15,0.97717794666305,0.0405806768465559,0.0345695027219098,0.0630888822635191,0.0720857957541071,56.601
2021-03-01 11:20:37,-26.2582420728897,-3.25258397687966,11.6172901982473,0.935646721106927,0.00462508079323906,0.026853230616738,0.0628158700505959,0.0571281777305431,60.717
2021-03-01 11:20:22,-26.9614212336006,-8.00648960188532,10.6035711961924,1.09559526457646,0.0119212147391858,1e-04,0.0561865923418116,0.0811864658317546,80.523
2021-03-01 11:20:07,-25.4598719651117,-2,11.1795350350893,0.950507487357788,0.0189565452594257,0.00566199947093011,0.0596979335130959,0.0797060828984733,57.64
2021-03-01 11:19:52,-19.3379972784455,-7.95407624498947,13.7798691105282,1.02310058028895,0.0284180741707939,0.00127749628309782,0.0499395351277385,0.0924801428292197,61.017
2021-03-01 11:19:37,-24.7857258609832,-7.79761886959019,12.2299125723083,1.05874471930339,0.0224056569027037,1e-04,0.0641976263400027,0.0841592967534124,64.603
2021-03-01 11:19:22,-34.0128067531028,-3.01770478184361,14.9775479419876,1.02177557261764,0.0600788226091937,0.0261408141414273,0.0202433360121366,0.0826292856045646,56.305
2021-03-01 11:19:06,-32.0700816664065,-2.85240108136007,14.1411052457572,0.974842891751781,0.0247500736693586,0.0272282688640892,0.089809040646835,0.0751844396493895,60.724
2021-03-01 11:18:51,-31.5659027112489,-9.98207174114741,13.8465765874946,0.993801343393136,0.0178002819733534,0.0245014073792134,0.0477973979122728,0.0612480329511688,55.137
2021-03-01 11:18:36,-17.2595601416136,-11.3204779736381,15,1.02237015523535,0.0022737288385127,0.015698013239023,0.0281100415052355,0.0845268706655064,64.784
2021-03-01 11:18:21,-30.7064617665669,-6.79540210102562,11.7955803258672,1.02243918102568,0.0155430416320835,1e-04,0.0338698463447368,0.0470403205647934,54.704
2021-03-01 11:18:05,-27.9512947366505,-12.1659830830658,10.950561697934,0.892359104104067,0.0146188170705117,1e-04,0.0460703558532927,0.1,71.635
2021-03-01 11:17:50,-22.627205597974,-7.04400611347176,10.9228795284859,0.992816651878297,0.0232735585261106,0.00875278708566105,0.0479562732618757,0.0834333484221012,52.821
2021-03-01 11:17:35,-29.9275783579638,-7.0253315755636,13.2357608544441,1.14301456557835,0.0186300229061769,1e-04,0.0542768555652196,0.0801542545356347,99.319
2021-03-01 11:17:20,-33.3334675408571,-11.1290280709194,11.7592492759256,0.986384860032715,0.0165217194967112,0.00246720195888843,0.0538094301336069,0.0898024680141923,56.866
2021-03-01 11:17:05,-29.3081151787582,-10.8099727063222,14.3458110834293,0.992830420433009,0.0282828592018813,0.01907370344028,0.0733439177790502,0.0780508239838574,55.363
2021-03-01 11:16:49,-25.277685557062,-2.70904008393859,13.0476410388049,0.921480885496075,0.0125012980720055,1e-04,0.03994418284357,0.086274244771242,61.24
2021-03-01 11:16:34,-23.4859383403373,-2,13.4030201311019,1.01442545376535,0.00717247592872747,0.00394697489284144,0.0396176636420599,0.0545791488832792,53.939
2021-03-01 11:16:19,-20.2842456557932,-3.37421377888676,8.40873341994201,1.13994149004656,1e-04,1e-04,0.064569371403627,0.0822710380722028,126.44
2021-03-01 11:16:04,-27.193232285973,-10.0554502635114,14.0814351949071,1.05960007413957,0.0278775388229831,0.00333860553597019,0.010949053087866,0.0826505063824379,65.538
2021-03-01 11:15:49,-33.4116159183884,-2,14.0231230279843,1.14095171849026,0.0202044216858231,1e-04,0.0657438897083664,0.0994567932294594,93.422
2021-03-01 11:15:34,-20.2199164055242,-6.08676848360758,13.8744703968029,0.936188537248395,0.0236461823853285,1e-04,0.0572210941949246,0.0512346329848919,59.042
2021-03-01 11:15:19,-25.1872446003332,-15.3424132463343,14.6048968801207,1.10962436063841,0.0495956578620483,0.0322280312569777,0.059444634787462,0.1,89.681
2021-03-01 11:15:03,-29.3182936695055,-2.85299671772818,9.42492647464445,1.10922550567392,0.0301805225128513,0.0246203792787247,0.0634314211708773,0.0542835084525491,83.228
2021-03-01 11:14:48,-32.0065206383529,-3.72636777081117,12.2986469846988,1.02489220361373,0.00537129028223624,1e-04,0.0482479233155066,0.0968551841134202,54.366
2021-03-01 11:14:33,-31.7293306226208,-15.9817603417176,12.6237586698391,0.908799337615764,0.024374506206379,1e-04,0.0435097387511636,0.0747814305817015,68.164
2021-03-01 11:14:18,-29.4052488188985,-6.77533841329315,14.155228409007,0.99521085437768,0.022686943890599,0.00902130021955875,0.044639095371186,0.0690663077658622,54.415
2021-03-01 11:14:03,-19.8155413879692,-2,7.12291693560309,1.05734723075103,0.0377896511476954,0.00689813663609557,0.0681542998571499,0.1,73.655
2021-03-01 11:13:47,-25.4167815193241,-11.7862204654251,13.2470800912369,0.960055458730876,0.0336238027685627,0.00477680844383222,0.0282608581863723,0.0364743699720394,61.658
2021-03-01 11:13:32,-25.6288180317334,-2,10.8401238307249,0.932961779875477,0.0151328370783553,1e-04,0.0598075646558803,0.0633005320689257,61.081
2021-03-01 11:13:17,-31.0826548934365,-11.0275775076689,10.6136115444361,0.877409802217544,0.0317146972532983,1e-04,0.0635275451210394,0.1,70.632
2021-03-01 11:13:02,-31.4757257034376,-2,9.76778071674063,1.12761492696644,1e-04,0.0337579254368464,0.0461254172101697,0.0900402909997935,94.234
2021-03-01 11:12:47,-25.0895631975447,-5.40388058980886,11.9984880760653,0.931803404973994,0.02434710708369,0.0188689358419973,0.0580377462143792,0.0903619418740426,62.356
2021-03-01 11:12:32,-18.0102749966515,-13.783923246274,10.1421661348839,0.972735677543328,0.036202424672709,1e-04,0.0448782354856063,0.0784650921946931,55.827
2021-03-01 11:12:16,-17.2373686516056,-11.2051877560816,13.1759869041083,1.0249521085162,0.00945496926518752,0.0259768086579495,0.0651883834623978,0.081197871992998,66.376
2021-03-01 11:12:01,-29.0007522376492,-11.3016500041305,14.8953370363954,0.958835205201293,0.0486388875896274,0.000407132857278701,0.0809758247635293,0.0831148488526093,63.47
2021-03-01 11:11:46,-27.5541296233455,-8.22084438626092,13.9415601641546,1.0971642321185,0.0627438349207232,1e-04,0.0297481408252185,0.0574742461210718,81.881
2021-03-01 11:11:31,-22.5998516018077,-2,5.38732202441855,1.10649221143989,0.00704215371967083,0.00484323638299052,0.0467016776054162,0.0662823703977557,99.821
2021-03-01 11:11:15,-39.3725843497995,-12.2354467982023,10.0928197384878,0.906218964562544,1e-04,1e-04,0.0191911406919634,0.0637144123154073,71.286
2021-03-01 11:11:00,-36.0098975854462,-2,12.0949192617716,1.07593907321309,0.0120118633863115,0.00189139490340366,0.0590909521127609,0.0610988352939967,61.1
2021-03-01 11:10:45,-27.9886297795179,-3.28000263345582,12.1372209209109,1.06351598320226,0.0224482614966637,0.00898528862541088,0.0401815387005474,0.0796596697102936,63.238
2021-03-01 11:10:30,-6.83947654490667,-9.80159576944216,9.98620653482674,1.13614039683479,0.00297624222525391,0.0338868225701776,0.025577631616002,0.0695049768555208,162.62
2021-03-01 11:10:15,-31.2371496084674,-13.3478216650397,9.10354216604717,1.05401580139241,0.00348154303012668,1e-04,0.0401655186754183,0.0794775234478674,55.522
2021-03-01 11:10:00,-28.6442999073065,-3.6765596437912,11.1221003704048,1.2,0.0119563950097761,1e-04,1e-05,0.0654740821543412,145.61
2021-03-01 11:09:44,-14.9720971614276,-4.20933421780299,12.0046569616261,1.19451322187862,1e-04,1e-04,0.0514975396448502,0.1,164.83
2021-03-01 11:09:29,-24.6902932475128,-5.24807078271578,11.4718242796358,1.05817600052849,1e-04,1e-04,0.030306998318186,0.1,66.968
2021-03-01 11:09:13,-12.1773697020873,-3.31327758093119,10.7724073167921,0.969742890361718,0.0268973593342555,0.0177565382558207,0.0277986655324037,0.0930224198201505,59.752
2021-03-01 11:08:58,-18.73993339601,-15.5190641268542,9.80720143910338,1.02078797336089,1e-04,0.00998156991508938,0.0595288487155505,0.0758090689877874,59.92
2021-03-01 11:08:43,-29.6865976657895,-11.7283061399316,15,0.979814340150352,0.041767911804661,1e-04,0.065062494591827,0.0686647793534373,59.291
2021-03-01 11:08:28,-6.81601433592214,-2,11.095127933646,1.05825218932073,0.0602316257612882,1e-04,0.0654072547081343,0.0624496211124659,129.15
2021-03-01 11:08:13,-17.5929770225796,-12.0076136167272,9.30907518239002,0.912068502341965,0.0289550118590913,0.0152242708082137,0.0208259683904347,0.0655740261203147,63.647
2021-03-01 11:07:58,-13.7517093516208,-2,4.37159410814264,0.981817855541564,1e-04,0.00757956712848147,0.0385714280625556,0.1,59.32
2021-03-01 11:07:42,-18.6948090187634,-12.4233506561108,8.47448770301521,0.979054732972739,0.0279933264893942,1e-04,0.0645231360821501,0.0848201169010417,55.329
2021-03-01 11:07:27,-18.876079472221,-10.9540729503457,14.5721230939971,0.87219329910384,0.0355243501316893,0.0215759528750471,0.0235223102721186,0.0815784105693023,66.196
2021-03-01 11:07:11,-29.9087514819579,-26.8021723289636,4.32492325482671,0.916273145001477,1e-04,1e-04,0.0244570873287105,0.0521730431027963,71.078
2021-03-01 11:06:56,-20.5775428156655,-2,5.45506062046119,1.02929886161585,0.033697829178389,0.0363843913975222,1e-05,0.0907374640410147,71.406
2021-03-01 11:06:41,-16.2598466511929,-6.20838628099574,3.00363596114364,1.05722143827023,1e-04,0.0582874982517293,0.0484358457120903,0.1,84.875
2021-03-01 11:06:26,-38.0397046118535,-2,13.0644072209462,1.06739723140229,0.0105255986112918,0.0187623554439324,0.044198865312448,0.0896901780693591,56.605
2021-03-01 11:06:11,-33.0050984207836,-11.8004434347766,6.57079863637981,0.901296603444627,1e-04,1e-04,0.0419347752167938,0.0498505629483936,69.065
2021-03-01 11:05:56,-9.73220953420339,-13.3328567665789,5.07852274593128,1.03948893841332,0.00149476274606343,0.018239316652593,0.0213697436088742,0.098803768573287,100.53
2021-03-01 11:05:41,-26.9258231181788,-2,12.4828292795411,1.03578269042008,1e-04,1e-04,0.0726817107115947,0.0431828779847123,57.861
2021-03-01 11:05:26,-30.6376564115753,-7.27952748538736,4.45928508187153,0.976480399637148,0.0154997415499795,0.000464607646046848,0.0120873583959447,0.094521598852919,57.293
2021-03-01 11:05:10,-23.2296884525267,-15.1548377247318,13.1513512278623,0.933859986192052,0.000205470557407369,0.0119752273884335,0.0305131986477658,0.0602477753303347,60.659
2021-03-01 11:04:55,-24.5712334442866,-8.87330921302371,1.37577359866273,0.907011672806375,0.0254858736476016,0.0366902086823696,0.0191656550562398,0.0992336076528416,67.271
2021-03-01 11:04:40,-11.8714977143068,-2,3.40393848652399,1.06092841773741,1e-04,1e-04,1e-05,0.0895560969971649,119.77
2021-03-01 11:04:25,-32.7454774176968,-2,12.7330409768795,0.917210543782142,0.0264212547162052,0.0170677069878986,0.0282325542426867,0.0741293966697267,64.054
2021-03-01 11:04:10,-15.3029335654685,-2,9.41140391913877,0.910482308622288,1e-04,0.0344966435927336,0.0570248944442865,0.0712541956281512,61.605
2021-03-01 11:03:55,-23.3912621592922,-2,11.9102721459656,0.8,1e-04,1e-04,0.0237806136758182,0.0761734736007468,63.78
2021-03-01 11:03:40,-25.33242199827,-4.93301688806002,13.0132481075752,1.18408369254253,0.0427295511938042,0.0546794055905685,0.0157809685200248,0.0289932926626385,130.55
2021-03-01 11:03:24,-40,-10.9600233703768,9.18761034148207,0.913481159866621,0.0273150843415319,0.0323191512199847,0.0438393816772349,0.0495054088989778,69.599
2021-03-01 11:03:09,-20.544003109496,-2,8.45811570735874,0.842290978647471,1e-04,1e-04,0.0388682325202652,0.0855361160289913,68.681
2021-03-01 11:02:54,-30.4236692157574,-4.5770878246807,7.60855314702211,0.936144379930863,0.0192085894892967,0.05174428560196,0.0192740665710671,0.0663287695184975,64.184
2021-03-01 11:02:38,-21.8756023322846,-2,8.96970242772056,0.967747718929003,1e-04,0.0161892709567431,0.0347140300414186,0.0860195196123786,58.118
2021-03-01 11:02:23,-36.1959663964611,-2.32759648719372,2.39889229072488,0.877656859046052,1e-04,0.0242817600718554,0.042993176224197,0.0301133773903245,69.363
2021-03-01 11:02:07,-35.3415967987896,-6.39734356207854,9.98765789700836,1.0637132521773,0.0164667877320015,0.022737121069572,0.000463725084269479,0.0651992355098403,61.648
2021-03-01 11:01:52,-20.8014752937436,-2,15,1.03792760951212,0.0818579425280596,1e-04,0.0249408640929921,0.0370136342610535,70.632
2021-03-01 11:01:37,-22.159778590644,-2,15,0.947138753991191,0.0468732588616954,0.0232802802845942,0.0526512303559186,0.1,58.882
2021-03-01 11:01:22,-18.0538074649273,-8.20186973651226,7.44324328270335,0.922651707569674,0.0894618263185163,1e-04,0.1,0.0677462659718225,66.519
2021-03-01 11:01:20,-40,-2,15,0.944238789658848,0.0207755569508225,0.0149706563580428,0.0517581669989524,0.0444750455006376,66.519
2021-03-01 11:01:05,-26.7707269118398,-9.73564954190501,7.93237005752191,0.921363454620948,0.0552840148310235,0.00212155116386773,0.0712966038780827,0.0467552139798681,71.255
2021-03-01 11:00:50,-40,-20.4552665448041,1,0.835539796748491,0.0137539651707568,0.0330952926050928,0.0337514832580952,0.1,77.969
2021-03-01 11:00:35,-24.3693065945282,-18.729223881321,15,1.14350247083855,0.0770636075234838,0.0281760589575505,1e-05,0.0510412013589643,135.14
2021-03-01 11:00:19,-15.0399323264365,-30.3096276805073,14.442852445045,1.0298599150298,0.0635450991177837,0.0834286113755713,0.0744520152915106,0.041102375961525,73.97
2021-03-01 11:00:04,-40,-9.1147640237049,12.7690655038842,0.8,0.0704383664190125,0.0768544582814348,0.1,0.0255901636527653,74.372
2021-03-01 10:59:49,-40,-3.4737421104227,14.0232620984386,1.13098066941765,0.0545759395450961,0.0178091280121024,0.1,0.0626215451683865,80.103
2021-03-01 10:59:33,-14.0500037456816,-28.1212121133268,12.409708360329,1.08375399908398,0.0165838997442249,0.0417793288399616,0.1,0.0474079902086739,103.85
2021-03-01 10:59:19,-40,-2,10.5425167978036,0.875622809214773,0.026637990888713,1e-04,0.0454662006905649,0.0927209130590131,69.395
2021-03-01 10:59:04,-27.2219833138666,-16.5921060264562,14.2127401460122,1.11790685234128,0.093569803391938,0.0368206289854259,0.096675632333553,0.0490531114477089,94.253
2021-03-01 10:58:48,-15.1103743113572,-7.10937319731133,13.3141702515375,1.18125034878931,0.0671330693015448,0.0727493714905188,0.0473493844988804,0.0940685392372346,147.51
2021-03-01 10:58:32,-26.813110736238,-2,10.6755737539829,1.13265994915143,0.0397346190412024,0.0629947110610299,0.0852237079208781,0.0342379705048898,97.427
2021-03-01 10:58:17,-30.80616291097,-2,4.35401533734411,1.04578637803371,1e-04,0.0125289292264564,0.0782186283105466,0.0611823949423849,54.52
2021-03-01 10:58:02,-40,-3.98803795906769,7.87108672445981,0.98579510589103,0.0440304694814651,0.0527457414496869,0.0997182048397389,1e-04,62.571
2021-03-01 10:57:47,-31.3635554109923,-2,12.3458950300554,0.801744270476064,0.0380126679774562,0.0996333164173596,0.0219866955739509,1e-04,74.752
2021-03-01 10:57:32,-29.7679407310759,-16.7746381652074,11.9812715917194,1.16622385915218,0.0659624117568124,0.1,0.06660353432676,1e-04,108.09
2021-03-01 10:57:16,-40,-5.85754611927309,15,1.07165571224392,0.1,0.0162533906084679,0.0352700918973841,0.0951614376226649,62.292
2021-03-01 10:57:01,-27.001598732448,-19.7316011883462,14.6554168593084,1.00511947651008,0.039048842376766,0.0609273674267295,0.1,0.0481545374346285,57.818
2021-03-01 10:56:45,-40,-5.0181518007006,13.6532348222079,0.885876064965237,0.0971161539143717,0.0928168017249572,1e-05,1e-04,70.078
2021-03-01 10:56:30,-40,-23.6604058716516,15,1.15302480019921,0.0741813210436794,0.0440416078980522,0.0896328858544435,0.0127497190218089,89.17
2021-03-01 10:56:15,-40,-12.1391714594547,15,1.09138168448537,0.065542443296551,0.0629676426085709,0.0295288129545406,0.0346794815047558,63.718
2021-03-01 10:55:59,-40,-2,11.8700435726661,0.969731123642276,0.0515939545696437,0.0612860673534994,0.0674724892856084,0.0263136947506763,65.576
2021-03-01 10:55:44,-36.2479659231445,-20.468794083163,4.39862466848025,1.10582323417039,0.0445845122515684,0.0277180599985235,0.0358713499612345,0.0369949504596677,68.175
2021-03-01 10:55:28,-29.1619257639731,-40,1,1.16504028152585,1e-04,0.0393856553631939,0.0797057981518161,0.1,103.98
2021-03-01 10:55:13,-37.833259374762,-19.8910819700943,9.6081535290444,0.825442468862238,0.0541543868686426,0.1,0.020093720065287,0.0396407240991194,78.238
2021-03-01 10:54:58,-25.7934258811819,-22.6253875077419,4.2176785040745,1.08723161178389,1e-04,0.0663958444256267,0.1,0.1,71.947
2021-03-01 10:54:43,-40,-17.7006281521905,13.7062080531543,1.04608849967124,0.0383630514105942,0.0448266125786167,0.0669917573133957,0.0328937965118646,56.786
2021-03-01 10:54:28,-40,-40,15,0.924452570955909,0.0319415486955668,0.0261745603586815,0.0223022714935183,0.036961194127384,74.13
2021-03-01 10:54:12,-29.4127120663788,-2,7.31097292840312,0.8,1e-04,0.00519654772667179,0.0707210876726403,1e-04,68.376
2021-03-01 10:53:57,-40,-2,12.7410908226539,0.899678530462397,0.0997791102003841,0.1,1e-05,0.0158252035747248,67.971
2021-03-01 10:53:41,-32.4388447929119,-6.33671956934363,10.260806129692,0.858474085925528,0.0129853312040436,0.00912936831980341,0.0512187365962408,0.1,70.301
2021-03-01 10:53:26,-40,-11.4104986268233,3.8902955623558,0.918691462928803,1e-04,0.0481643941333449,0.0441896427207987,0.0868300654032221,69.348
2021-03-01 10:53:11,-33.7476159728656,-23.0894849061939,1,0.8,0.0492030772338905,0.00652010175888388,0.0442580956910344,0.1,78.494
2021-03-01 10:52:56,-24.5119295212465,-2,10.2663699263959,1.10030212985106,0.0897223249494271,0.031996589564515,0.0234891148704077,0.0765501395861667,92.721
2021-03-01 10:52:40,-40,-13.0574119159287,11.7706676396741,0.953202931953021,0.00905716402157426,0.023843946708335,1e-05,0.0890159278057961,64.724
2021-03-01 10:52:25,-25.1545582636267,-22.5977971241756,15,0.866700663715481,0.0654758727657942,0.0155794199579041,0.0111187845196856,0.0695289039994957,71.018
2021-03-01 10:52:10,-40,-36.403095990751,7.94032972232874,0.8,0.0406156595611302,0.1,0.0172764131531312,0.1,78.36
2021-03-01 10:51:55,-40,-15.1189998811452,1.6774387495302,1.00923265357996,0.00414265435987715,0.0747486276784845,0.0562384890710397,0.0540086281048286,59.331
2021-03-01 10:51:40,-2,-6.64632793276484,12.1100124630523,0.8,0.1,0.0816586573148382,0.0230389654828695,0.0362617771698789,107.56
2021-03-01 10:51:25,-34.5649803357858,-9.87568343634013,12.8219474153049,0.8,1e-04,0.0656755014311471,0.0763509915616881,0.0501949766516202,70.058
2021-03-01 10:51:09,-40,-37.6247471679086,5.30101155900365,1.12523436344301,1e-04,0.0554178984132577,0.0337689583346372,0.1,70.564
2021-03-01 10:50:54,-40,-2,10.8313369627256,1.16502652927505,0.0970892491326381,0.0616982524425077,0.0740262667307744,0.0566366724869863,101.63
2021-03-01 10:50:38,-35.7761431596742,-21.6505077928016,6.10408543808735,0.826770282777328,0.0799962322221881,0.0656324269176006,0.1,1e-04,76.205
2021-03-01 10:50:23,-2,-17.9424571437062,15,0.8,0.0110245145354229,0.0391150430466343,0.1,0.1,95.05
2021-03-01 10:50:08,-20.7399711694256,-10.3998023104659,8.63239068589923,0.8,0.0236872046754613,0.0273935119422477,1e-05,0.0408469537589425,67.884
2021-03-01 10:49:53,-28.0749578286787,-39.470985599849,11.7003545569677,0.909703796701348,0.00263390618457752,0.1,1e-05,0.0407459488436167,69.459
2021-03-01 10:49:38,-24.4660961701654,-2,9.50030995379445,1.15538769853969,0.0423046159991173,1e-04,0.1,1e-04,142
2021-03-01 10:49:36,-2,-16.6113092595094,3.51003044668517,0.99074489083058,0.0384392898312882,0.0433974711106175,0.0473456675456576,0.1,142
2021-03-01 10:49:21,-35.7853930073047,-11.9097057622705,5.20553427634206,0.894504252379097,0.0817500231956535,1e-04,0.0736102632223693,1e-04,65.782
2021-03-01 10:49:19,-40,-2,15,0.964885361530738,0.0903144514283128,0.0746011008238932,0.0124720322981783,0.0996872547578989,65.782
2021-03-01 10:49:04,-16.9396835601789,-23.6867739270974,15,1.17091293594067,0.0532663302863807,0.0284000001956812,0.000744933577001121,0.0241977570160636,158.58
2021-03-01 10:48:48,-2,-2,1,0.980654763240066,0.0251577154616779,0.0801803036178631,0.1,0.1,143.83
2021-03-01 10:48:33,-40,-40,15,0.816078191577492,0.0221282402911084,0.0464617534824068,0.0656531536380987,0.018362412972443,80.005
